##& xmin & xmax & central value & dy & muR= 0.500 muF= 0.500 & muR= 0.500 muF= 1.000 & muR= 0.500 muF= 2.000 & muR= 1.000 muF= 0.500 & muR= 1.000 muF= 1.000 & muR= 1.000 muF= 2.000 & muR= 2.000 muF= 0.500 & muR= 2.000 muF= 1.000 & muR= 2.000 muF= 2.000

<histogram> 100 "pt1 [GeV] |X_AXIS@LIN |Y_AXIS@LOG |JETSAMPLE@0"
  +0.0000000e+00   +1.0000000e+01   +0.0000000e+00   +0.0000000e+00  +0.0000000e+00   +0.0000000e+00   +0.0000000e+00   +0.0000000e+00   +0.0000000e+00   +0.0000000e+00   +0.0000000e+00   +0.0000000e+00   +0.0000000e+00
  +1.0000000e+01   +2.0000000e+01   +0.0000000e+00   +0.0000000e+00  +0.0000000e+00   +0.0000000e+00   +0.0000000e+00   +0.0000000e+00   +0.0000000e+00   +0.0000000e+00   +0.0000000e+00   +0.0000000e+00   +0.0000000e+00
  +2.0000000e+01   +3.0000000e+01   +1.7908000e-15   +1.7908000e-15  +3.1650000e-15   +6.5963000e-16   +2.2788000e-15   +2.1049000e-15   +1.0037000e-15   +1.5155000e-15   +1.4931000e-15   +1.2703000e-15   +1.0750000e-15
  +3.0000000e+01   +4.0000000e+01   +4.1187500e-14   +8.5881303e-15  +7.0518000e-14   +2.0205300e-14   +5.2671900e-14   +4.7696200e-14   +2.5213800e-14   +3.5685100e-14   +3.4065500e-14   +2.9427800e-14   +2.5507100e-14
  +4.0000000e+01   +5.0000000e+01   +1.5221400e-13   +1.6509885e-14  +2.6029300e-13   +7.2202000e-14   +1.9483900e-13   +1.7592900e-13   +8.8807000e-14   +1.3188000e-13   +1.2562400e-13   +1.0872200e-13   +9.4233000e-14
  +5.0000000e+01   +6.0000000e+01   +4.7276000e-13   +2.9096171e-14  +8.1642000e-13   +2.1585600e-13   +5.9872000e-13   +5.5240000e-13   +2.6695100e-13   +4.0543800e-13   +3.9462600e-13   +3.3778600e-13   +2.8974900e-13
  +6.0000000e+01   +7.0000000e+01   +9.3477000e-13   +4.0914063e-14  +1.6124800e-12   +4.2545300e-13   +1.1812300e-12   +1.0931500e-12   +5.1701000e-13   +8.0147000e-13   +7.8161000e-13   +6.6848000e-13   +5.7328000e-13
  +7.0000000e+01   +8.0000000e+01   +1.4558900e-12   +5.1060054e-14  +2.5052000e-12   +6.8132000e-13   +1.8332500e-12   +1.7047800e-12   +7.8879000e-13   +1.2489700e-12   +1.2209700e-12   +1.0429800e-12   +8.9505000e-13
  +8.0000000e+01   +9.0000000e+01   +1.7674800e-12   +5.6258937e-14  +3.0587500e-12   +8.0519000e-13   +2.2103400e-12   +2.0836000e-12   +9.2582000e-13   +1.5067000e-12   +1.4927000e-12   +1.2664000e-12   +1.0797700e-12
  +9.0000000e+01   +1.0000000e+02   +2.1471100e-12   +6.2007381e-14  +3.7042000e-12   +9.9245000e-13   +2.6742500e-12   +2.5333700e-12   +1.1109100e-12   +1.8303300e-12   +1.8181100e-12   +1.5411900e-12   +1.3141000e-12
  +1.0000000e+02   +1.1000000e+02   +2.2724600e-12   +6.3792084e-14  +3.9211900e-12   +1.0557300e-12   +2.8229500e-12   +2.6858500e-12   +1.1612900e-12   +1.9351200e-12   +1.9285800e-12   +1.6320700e-12   +1.3901300e-12
  +1.1000000e+02   +1.2000000e+02   +2.2903800e-12   +6.4043000e-14  +3.9640300e-12   +1.0457100e-12   +2.8249500e-12   +2.7224900e-12   +1.1457300e-12   +1.9412600e-12   +1.9570600e-12   +1.6466600e-12   +1.3959300e-12
  +1.2000000e+02   +1.3000000e+02   +2.2384400e-12   +6.3312702e-14  +3.8691000e-12   +1.0332700e-12   +2.7506200e-12   +2.6647800e-12   +1.0964600e-12   +1.8955200e-12   +1.9178200e-12   +1.6112300e-12   +1.3646500e-12
  +1.3000000e+02   +1.4000000e+02   +2.1757600e-12   +6.2420188e-14  +3.7555600e-12   +1.0232600e-12   +2.6643600e-12   +2.5940400e-12   +1.0716900e-12   +1.8414100e-12   +1.8694300e-12   +1.5682600e-12   +1.3275500e-12
  +1.4000000e+02   +1.5000000e+02   +1.9913200e-12   +5.9715872e-14  +3.4451600e-12   +9.2303000e-13   +2.4234700e-12   +2.3853400e-12   +9.6623000e-13   +1.6788300e-12   +1.7208800e-12   +1.4368300e-12   +1.2115900e-12
  +1.5000000e+02   +1.6000000e+02   +1.8605800e-12   +5.7721982e-14  +3.2185300e-12   +8.6539000e-13   +2.2579000e-12   +2.2323100e-12   +8.9678000e-13   +1.5667500e-12   +1.6117100e-12   +1.3435100e-12   +1.1315400e-12
  +1.6000000e+02   +1.7000000e+02   +1.5597500e-12   +5.2850276e-14  +2.6932900e-12   +7.3302000e-13   +1.8913800e-12   +1.8702500e-12   +7.4906000e-13   +1.3140400e-12   +1.3512400e-12   +1.1270800e-12   +9.4971000e-13
  +1.7000000e+02   +1.8000000e+02   +1.5221400e-12   +5.2208132e-14  +2.6283400e-12   +7.1588000e-13   +1.8410900e-12   +1.8283100e-12   +7.2186000e-13   +1.2811000e-12   +1.3216700e-12   +1.1004400e-12   +9.2630000e-13
  +1.8000000e+02   +1.9000000e+02   +1.2302500e-12   +4.6936578e-14  +2.1297400e-12   +5.8016000e-13   +1.4799300e-12   +1.4843400e-12   +5.8982000e-13   +1.0319700e-12   +1.0740900e-12   +8.9038000e-13   +7.4703000e-13
  +1.9000000e+02   +2.0000000e+02   +1.2123400e-12   +4.6594201e-14  +2.1020900e-12   +5.6769000e-13   +1.4527300e-12   +1.4674200e-12   +5.7651000e-13   +1.0145000e-12   +1.0627300e-12   +8.7811000e-13   +7.3494000e-13
  +2.0000000e+02   +2.1000000e+02   +1.0171400e-12   +4.2678873e-14  +1.7529700e-12   +4.9458000e-13   +1.2194500e-12   +1.2267100e-12   +4.9570000e-13   +8.5363000e-13   +8.8983000e-13   +7.3788000e-13   +6.1937000e-13
  +2.1000000e+02   +2.2000000e+02   +8.9179000e-13   +3.9962065e-14  +1.5362700e-12   +4.3279000e-13   +1.0664200e-12   +1.0769600e-12   +4.2946000e-13   +7.4802000e-13   +7.8171000e-13   +6.4743000e-13   +5.4317000e-13
  +2.2000000e+02   +2.3000000e+02   +8.0405000e-13   +3.7945509e-14  +1.3853300e-12   +3.8924000e-13   +9.6079000e-13   +9.7144000e-13   +3.8378600e-13   +6.7407000e-13   +7.0530000e-13   +5.8387000e-13   +4.8960000e-13
  +2.3000000e+02   +2.4000000e+02   +6.6257000e-13   +3.4446077e-14  +1.1458000e-12   +3.1772500e-13   +7.8678000e-13   +8.0485000e-13   +3.1326400e-13   +5.5284000e-13   +5.8484000e-13   +4.8152000e-13   +4.0184700e-13
  +2.4000000e+02   +2.5000000e+02   +5.7842000e-13   +3.2183870e-14  +1.0029100e-12   +2.7504100e-13   +6.8472000e-13   +7.0478000e-13   +2.7205400e-13   +4.8139000e-13   +5.1231000e-13   +4.2051900e-13   +3.5005100e-13
  +2.5000000e+02   +2.6000000e+02   +5.6409000e-13   +3.1782573e-14  +9.7781000e-13   +2.6585200e-13   +6.6800000e-13   +6.8725000e-13   +2.6168100e-13   +4.6956000e-13   +4.9946000e-13   +4.0998200e-13   +3.4131700e-13
  +2.6000000e+02   +2.7000000e+02   +4.7993000e-13   +2.9315734e-14  +8.3239000e-13   +2.2883700e-13   +5.6583000e-13   +5.8622000e-13   +2.2530800e-13   +3.9868000e-13   +4.2659900e-13   +3.4930400e-13   +2.9023500e-13
  +2.7000000e+02   +2.8000000e+02   +4.6560000e-13   +2.8874944e-14  +8.0627000e-13   +2.2360400e-13   +5.4907000e-13   +5.6829000e-13   +2.1999400e-13   +3.8718500e-13   +4.1370000e-13   +3.3900800e-13   +2.8197000e-13
  +2.8000000e+02   +2.9000000e+02   +4.3157600e-13   +2.7799822e-14  +7.5039000e-13   +2.0551800e-13   +5.0590000e-13   +5.2950000e-13   +1.9839800e-13   +3.5713300e-13   +3.8564900e-13   +3.1437400e-13   +2.6019000e-13
  +2.9000000e+02   +3.0000000e+02   +3.4561600e-13   +2.4878026e-14  +5.9831000e-13   +1.6941700e-13   +4.0516000e-13   +4.2303100e-13   +1.5977400e-13   +2.8651300e-13   +3.0851200e-13   +2.5207500e-13   +2.0899100e-13
  +3.0000000e+02   +3.1000000e+02   +3.5994100e-13   +2.5388184e-14  +6.2442000e-13   +1.7543500e-13   +4.2154800e-13   +4.4118000e-13   +1.6909100e-13   +2.9795200e-13   +3.2176200e-13   +2.6255200e-13   +2.1737500e-13
  +3.1000000e+02   +3.2000000e+02   +3.0621600e-13   +2.3417157e-14  +5.2784000e-13   +1.5259800e-13   +3.5938200e-13   +3.7377200e-13   +1.4744500e-13   +2.5460000e-13   +2.7286700e-13   +2.2359200e-13   +1.8594000e-13
  +3.2000000e+02   +3.3000000e+02   +2.7040300e-13   +2.2004884e-14  +4.7252000e-13   +1.2449600e-13   +3.1340100e-13   +3.3466900e-13   +1.2258300e-13   +2.2200800e-13   +2.4416200e-13   +1.9729500e-13   +1.6200100e-13
  +3.3000000e+02   +3.4000000e+02   +2.6503200e-13   +2.1784927e-14  +4.6384000e-13   +1.2363600e-13   +3.0790400e-13   +3.2781800e-13   +1.2073100e-13   +2.1764300e-13   +2.3906200e-13   +1.9328700e-13   +1.5874200e-13
  +3.4000000e+02   +3.5000000e+02   +2.2026300e-13   +1.9860808e-14  +3.8605000e-13   +1.0193700e-13   +2.5659800e-13   +2.7226300e-13   +1.0013100e-13   +1.8090800e-13   +1.9841500e-13   +1.6050500e-13   +1.3182500e-13
  +3.5000000e+02   +3.6000000e+02   +2.2384400e-13   +2.0020983e-14  +3.8945400e-13   +1.0934700e-13   +2.5861200e-13   +2.7699400e-13   +1.0556300e-13   +1.8402100e-13   +2.0275400e-13   +1.6388500e-13   +1.3475900e-13
  +3.6000000e+02   +3.7000000e+02   +2.0414500e-13   +1.9120024e-14  +3.5590300e-13   +9.7172000e-14   +2.3635000e-13   +2.5247900e-13   +9.4238000e-14   +1.6769400e-13   +1.8451900e-13   +1.4921000e-13   +1.2258000e-13
  +3.7000000e+02   +3.8000000e+02   +1.9340200e-13   +1.8610011e-14  +3.3377600e-13   +1.0085400e-13   +2.2443600e-13   +2.3780800e-13   +9.5477000e-14   +1.5994400e-13   +1.7434300e-13   +1.4180400e-13   +1.1728800e-13
  +3.8000000e+02   +3.9000000e+02   +2.0235600e-13   +1.9036008e-14  +3.5013300e-13   +1.0301300e-13   +2.3451700e-13   +2.4927400e-13   +9.6613000e-14   +1.6697200e-13   +1.8263800e-13   +1.4827100e-13   +1.2235500e-13
  +3.9000000e+02   +4.0000000e+02   +1.9519200e-13   +1.8695989e-14  +3.4127300e-13   +9.1352000e-14   +2.2454100e-13   +2.4275800e-13   +8.6642000e-14   +1.5975200e-13   +1.7762900e-13   +1.4283500e-13   +1.1691300e-13
  +4.0000000e+02   +4.1000000e+02   +1.3788800e-13   +1.5713818e-14  +2.4043300e-13   +6.7342000e-14   +1.5954600e-13   +1.7064500e-13   +6.3629000e-14   +1.1325600e-13   +1.2478700e-13   +1.0084100e-13   +8.2836000e-14
  +4.1000000e+02   +4.2000000e+02   +1.4505100e-13   +1.6116786e-14  +2.5075800e-13   +7.2994000e-14   +1.6793300e-13   +1.7876000e-13   +6.8909000e-14   +1.1972700e-13   +1.3106300e-13   +1.0635600e-13   +8.7797000e-14
  +4.2000000e+02   +4.3000000e+02   +1.0565500e-13   +1.3754980e-14  +1.8319500e-13   +5.4827000e-14   +1.2178600e-13   +1.3058200e-13   +4.8562000e-14   +8.6815000e-14   +9.5742000e-14   +7.7469000e-14   +6.3658000e-14
  +4.3000000e+02   +4.4000000e+02   +1.1102600e-13   +1.4100456e-14  +1.8861300e-13   +6.1266000e-14   +1.2987100e-13   +1.3477500e-13   +5.4319900e-14   +9.2859000e-14   +9.9012000e-14   +8.1586000e-14   +6.8255000e-14
  +4.4000000e+02   +4.5000000e+02   +7.5212000e-14   +1.1605438e-14  +1.3103800e-13   +3.6013500e-14   +8.6353000e-14   +9.3394000e-14   +3.3950300e-14   +6.1532000e-14   +6.8438000e-14   +5.5110000e-14   +4.5083000e-14
  +4.5000000e+02   +4.6000000e+02   +1.0028200e-13   +1.3400690e-14  +1.7315700e-13   +5.0390000e-14   +1.1593000e-13   +1.2355100e-13   +4.5967900e-14   +8.2753000e-14   +9.0635000e-14   +7.3579000e-14   +6.0732000e-14
  +4.6000000e+02   +4.7000000e+02   +8.4166000e-14   +1.2276794e-14  +1.4772600e-13   +4.0014600e-14   +9.6433000e-14   +1.0504500e-13   +3.8644200e-14   +6.8559000e-14   +7.6925000e-14   +6.1632000e-14   +5.0204300e-14
  +4.7000000e+02   +4.8000000e+02   +5.5513800e-14   +9.9705244e-15  +9.5775000e-14   +2.8886800e-14   +6.3925700e-14   +6.8523000e-14   +2.7697700e-14   +4.5769300e-14   +5.0381400e-14   +4.0829600e-14   +3.3673500e-14
  +4.8000000e+02   +4.9000000e+02   +7.8793000e-14   +1.1878473e-14  +1.3664600e-13   +3.9525900e-14   +9.0451000e-14   +9.7677000e-14   +3.7101900e-14   +6.4689000e-14   +7.1769000e-14   +5.7908000e-14   +4.7554800e-14
  +4.9000000e+02   +5.0000000e+02   +4.6560300e-14   +9.1311106e-15  +8.0935100e-14   +2.3880200e-14   +5.3369400e-14   +5.7792300e-14   +2.1239700e-14   +3.8128500e-14   +4.2398900e-14   +3.4166200e-14   +2.7985000e-14
  +5.0000000e+02   +5.1000000e+02   +5.1931800e-14   +9.6435028e-15  +8.9525000e-14   +2.7357400e-14   +6.0117000e-14   +6.3928000e-14   +2.6683000e-14   +4.2923500e-14   +4.6954700e-14   +3.8139700e-14   +3.1523000e-14
  +5.1000000e+02   +5.2000000e+02   +5.9095000e-14   +1.0287091e-14  +1.0460100e-13   +2.8237800e-14   +6.6138000e-14   +7.5052000e-14   +2.6644300e-14   +4.7492800e-14   +5.5288000e-14   +4.3546000e-14   +3.5007900e-14
  +5.2000000e+02   +5.3000000e+02   +5.9095000e-14   +1.0287089e-14  +1.0331100e-13   +2.8347700e-14   +6.7451300e-14   +7.3762000e-14   +2.5765400e-14   +4.8166300e-14   +5.4115000e-14   +4.3358000e-14   +3.5343000e-14
  +5.3000000e+02   +5.4000000e+02   +5.0141800e-14   +9.4757562e-15  +8.6346000e-14   +2.7539900e-14   +5.7108000e-14   +6.2160000e-14   +2.4334800e-14   +4.1128400e-14   +4.5899100e-14   +3.7031200e-14   +3.0381000e-14
  +5.4000000e+02   +5.5000000e+02   +4.4769000e-14   +8.9537461e-15  +7.8421000e-14   +2.1993500e-14   +5.0624300e-14   +5.6270500e-14   +2.1103700e-14   +3.6320200e-14   +4.1449700e-14   +3.2976200e-14   +2.6752400e-14
  +5.5000000e+02   +5.6000000e+02   +4.2978000e-14   +8.7728407e-15  +7.7002000e-14   +1.8540400e-14   +4.7826900e-14   +5.5080800e-14   +1.8907200e-14   +3.4206600e-14   +4.0473100e-14   +3.1577700e-14   +2.5131800e-14
  +5.6000000e+02   +5.7000000e+02   +4.4768500e-14   +8.9537536e-15  +7.9543000e-14   +2.1073200e-14   +5.0037400e-14   +5.7032000e-14   +1.9684500e-14   +3.5887800e-14   +4.1979200e-14   +3.2956600e-14   +2.6421500e-14
  +5.7000000e+02   +5.8000000e+02   +1.9698400e-14   +5.9392916e-15  +3.3806000e-14   +1.0886200e-14   +2.2523100e-14   +2.4338500e-14   +1.0167700e-14   +1.6225500e-14   +1.7968800e-14   +1.4546900e-14   +1.1985600e-14
  +5.8000000e+02   +5.9000000e+02   +3.7606300e-14   +8.2062892e-15  +6.7241400e-14   +1.6311380e-14   +4.1692000e-14   +4.8241500e-14   +1.6109950e-14   +2.9908100e-14   +3.5509100e-14   +2.7678700e-14   +2.2012500e-14
  +5.9000000e+02   +6.0000000e+02   +2.8652100e-14   +7.1629913e-15  +4.9935600e-14   +1.4251600e-14   +3.2680700e-14   +3.5749100e-14   +1.4151300e-14   +2.3406700e-14   +2.6324000e-14   +2.1101600e-14   +1.7242100e-14
  +6.0000000e+02   +6.1000000e+02   +3.5815000e-14   +8.0084737e-15  +6.4039000e-14   +1.5931500e-14   +3.9818700e-14   +4.5887200e-14   +1.5454700e-14   +2.8530900e-14   +3.3757800e-14   +2.6348600e-14   +2.0990700e-14
  +6.1000000e+02   +6.2000000e+02   +2.6861900e-14   +6.9355702e-15  +4.6128200e-14   +1.4571500e-14   +3.0598300e-14   +3.3249900e-14   +1.2691800e-14   +2.2047300e-14   +2.4592100e-14   +1.9864300e-14   +1.6302900e-14
  +6.2000000e+02   +6.3000000e+02   +1.6116800e-14   +5.3722211e-15  +2.8344000e-14   +7.0606000e-15   +1.8566400e-14   +2.0070800e-14   +6.4250000e-15   +1.3130200e-14   +1.4677500e-14   +1.1781400e-14   +9.5953000e-15
  +6.3000000e+02   +6.4000000e+02   +2.5070600e-14   +6.7003626e-15  +4.4125600e-14   +1.1622000e-14   +2.8317300e-14   +3.1580500e-14   +1.0795100e-14   +2.0251800e-14   +2.3224400e-14   +1.8432700e-14   +1.4887200e-14
  +6.4000000e+02   +6.5000000e+02   +1.2535300e-14   +4.7378933e-15  +2.1719100e-14   +6.4410300e-15   +1.4467000e-14   +1.5479200e-14   +5.9746800e-15   +1.0300200e-14   +1.1361200e-14   +9.1984000e-15   +7.5569000e-15
  +6.5000000e+02   +6.6000000e+02   +1.9698400e-14   +5.9392492e-15  +3.5148500e-14   +9.2241000e-15   +2.1608500e-14   +2.5386800e-14   +8.4279300e-15   +1.5605700e-14   +1.8793000e-14   +1.4581400e-14   +1.1551600e-14
  +6.6000000e+02   +6.7000000e+02   +2.5070600e-14   +6.7003626e-15  +4.4493000e-14   +1.0904300e-14   +2.8109600e-14   +3.1823300e-14   +1.0909500e-14   +2.0100500e-14   +2.3387700e-14   +1.8422700e-14   +1.4769300e-14
  +6.7000000e+02   +6.8000000e+02   +2.6861000e-14   +6.9355570e-15  +4.7738700e-14   +1.2255300e-14   +2.9926800e-14   +3.4281900e-14   +1.0989600e-14   +2.1483900e-14   +2.5282500e-14   +1.9809300e-14   +1.5843800e-14
  +6.8000000e+02   +6.9000000e+02   +8.9538000e-15   +4.0042574e-15  +1.5721500e-14   +4.5209800e-15   +9.9671000e-15   +1.1360500e-14   +4.0128100e-15   +7.2138000e-15   +8.4137000e-15   +6.6358000e-15   +5.3499000e-15
  +6.9000000e+02   +7.0000000e+02   +1.4326200e-14   +5.0650780e-15  +2.5431000e-14   +7.1729200e-15   +1.5870700e-14   +1.8314400e-14   +6.3652200e-15   +1.1435000e-14   +1.3524000e-14   +1.0581200e-14   +8.4474900e-15
  +7.0000000e+02   +7.1000000e+02   +1.0744600e-14   +4.3864637e-15  +1.9148000e-14   +5.3283200e-15   +1.1783300e-14   +1.3844200e-14   +4.9774800e-15   +8.5175000e-15   +1.0257200e-14   +7.9598000e-15   +6.3095000e-15
  +7.1000000e+02   +7.2000000e+02   +1.4326100e-14   +5.0650419e-15  +2.5559700e-14   +7.2707300e-15   +1.5541400e-14   +1.8561600e-14   +6.8793600e-15   +1.1287700e-14   +1.3803800e-14   +1.0654700e-14   +8.3956000e-15
  +7.2000000e+02   +7.3000000e+02   +8.9538000e-15   +4.0042574e-15  +1.5813700e-14   +4.7224000e-15   +9.7982000e-15   +1.1518300e-14   +4.2789000e-15   +7.1439000e-15   +8.5885000e-15   +6.6792000e-15   +5.3316000e-15
  +7.3000000e+02   +7.4000000e+02   +1.4326100e-14   +5.0650398e-15  +2.5622100e-14   +6.5776200e-15   +1.5699300e-14   +1.8491900e-14   +6.2448100e-15   +1.1324800e-14   +1.3684800e-14   +1.0599300e-14   +8.3770000e-15
  +7.4000000e+02   +7.5000000e+02   +3.5816000e-15   +2.5325736e-15  +6.3341000e-15   +1.8016300e-15   +3.9101000e-15   +4.6001000e-15   +1.7475100e-15   +2.8397000e-15   +3.4215000e-15   +2.6640000e-15   +2.1122000e-15
  +7.5000000e+02   +7.6000000e+02   +8.9539000e-15   +4.0043040e-15  +1.6148300e-14   +4.2757300e-15   +9.8291000e-15   +1.1591600e-14   +4.0513100e-15   +7.0504000e-15   +8.5773000e-15   +6.6243000e-15   +5.2157800e-15
  +7.6000000e+02   +7.7000000e+02   +8.9538000e-15   +4.0042601e-15  +1.6143900e-14   +4.0228000e-15   +9.6645000e-15   +1.1709000e-14   +3.9999000e-15   +7.0246000e-15   +8.6999000e-15   +6.6592000e-15   +5.2291000e-15
  +7.7000000e+02   +7.8000000e+02   +1.0744600e-14   +4.3864637e-15  +1.7967300e-14   +6.5729300e-15   +1.2697500e-14   +1.2861800e-14   +6.0947300e-15   +9.0893000e-15   +9.4753000e-15   +7.9161000e-15   +6.6974000e-15
  +7.8000000e+02   +7.9000000e+02   +5.3723000e-15   +3.1016965e-15  +9.9820000e-15   +2.2594100e-15   +5.6356000e-15   +7.2439000e-15   +2.2703600e-15   +4.0928000e-15   +5.3849000e-15   +3.9949000e-15   +3.0444000e-15
  +7.9000000e+02   +8.0000000e+02   +5.3724000e-15   +3.1017566e-15  +9.1356000e-15   +3.3795800e-15   +6.0330000e-15   +6.6877000e-15   +2.9562700e-15   +4.4229000e-15   +5.0080000e-15   +4.0254000e-15   +3.3160000e-15
  +8.0000000e+02   +8.1000000e+02   +1.7908000e-15   +1.7908000e-15  +3.2382000e-15   +6.7611000e-16   +1.9658000e-15   +2.3208000e-15   +5.8126000e-16   +1.4089000e-15   +1.7065000e-15   +1.3167000e-15   +1.0360000e-15
  +8.1000000e+02   +8.2000000e+02   +1.2535400e-14   +4.7379374e-15  +2.2111100e-14   +6.3728300e-15   +1.3884900e-14   +1.5970100e-14   +5.6535400e-15   +1.0028300e-14   +1.1823000e-14   +9.2801000e-15   +7.4241000e-15
  +8.2000000e+02   +8.3000000e+02   +3.5816000e-15   +2.5325736e-15  +6.2401000e-15   +2.1714000e-15   +3.9479000e-15   +4.5463000e-15   +1.7870800e-15   +2.8759000e-15   +3.3902000e-15   +2.6706000e-15   +2.1444000e-15
  +8.3000000e+02   +8.4000000e+02   +7.1631000e-15   +3.5815479e-15  +1.2125000e-14   +4.8220200e-15   +7.9620000e-15   +8.9266000e-15   +4.2505700e-15   +5.8622000e-15   +6.7177000e-15   +5.3905000e-15   +4.4118000e-15
  +8.4000000e+02   +8.5000000e+02   +1.0744600e-14   +4.3864637e-15  +1.9379800e-14   +5.0319200e-15   +1.1537200e-14   +1.4079900e-14   +4.5817500e-15   +8.3863000e-15   +1.0484800e-14   +8.0028000e-15   +6.2480000e-15
  +8.5000000e+02   +8.6000000e+02   +3.5816000e-15   +2.5325736e-15  +6.2210000e-15   +2.1844900e-15   +3.9307000e-15   +4.5428000e-15   +1.7819700e-15   +2.8718000e-15   +3.3948000e-15   +2.6770000e-15   +2.1471000e-15
  +8.6000000e+02   +8.7000000e+02   +0.0000000e+00   +0.0000000e+00  +0.0000000e+00   +0.0000000e+00   +0.0000000e+00   +0.0000000e+00   +0.0000000e+00   +0.0000000e+00   +0.0000000e+00   +0.0000000e+00   +0.0000000e+00
  +8.7000000e+02   +8.8000000e+02   +1.0744700e-14   +4.3865062e-15  +1.9365500e-14   +5.8809200e-15   +1.1349200e-14   +1.4204200e-14   +5.1664500e-15   +8.3254000e-15   +1.0656200e-14   +8.0611000e-15   +6.2464400e-15
  +8.8000000e+02   +8.9000000e+02   +1.0744600e-14   +4.3864662e-15  +1.8824500e-14   +6.1855000e-15   +1.1753400e-14   +1.3731500e-14   +5.7339000e-15   +8.5804000e-15   +1.0284500e-14   +8.0492000e-15   +6.4298000e-15
  +8.9000000e+02   +9.0000000e+02   +1.7908000e-15   +1.7908000e-15  +3.2279000e-15   +7.6823000e-16   +1.9370000e-15   +2.3345000e-15   +8.4536000e-16   +1.4009000e-15   +1.7299000e-15   +1.3270000e-15   +1.0381000e-15
  +9.0000000e+02   +9.1000000e+02   +7.1631000e-15   +3.5815479e-15  +1.2909400e-14   +3.3369100e-15   +7.7113000e-15   +9.3642000e-15   +2.8110300e-15   +5.5953000e-15   +6.9574000e-15   +5.3228000e-15   +4.1582000e-15
  +9.1000000e+02   +9.2000000e+02   +1.7908000e-15   +1.7908000e-15  +2.9536000e-15   +1.4806000e-15   +2.0275000e-15   +2.1746000e-15   +1.1614000e-15   +1.4928000e-15   +1.6363000e-15   +1.3475000e-15   +1.1232000e-15
  +9.2000000e+02   +9.3000000e+02   +1.7908000e-15   +1.7908000e-15  +3.1497000e-15   +7.9319000e-16   +2.0020000e-15   +2.2642000e-15   +9.7417000e-16   +1.4392000e-15   +1.6691000e-15   +1.3201000e-15   +1.0609000e-15
  +9.3000000e+02   +9.4000000e+02   +1.7908000e-15   +1.7908000e-15  +3.3107000e-15   +5.6738000e-16   +1.9219000e-15   +2.3752000e-15   +5.4060000e-16   +1.3788000e-15   +1.7480000e-15   +1.3179000e-15   +1.0147000e-15
  +9.4000000e+02   +9.5000000e+02   +7.1631000e-15   +3.5815510e-15  +1.2336200e-14   +4.2230000e-15   +7.9241000e-15   +9.0255000e-15   +3.7186000e-15   +5.8080000e-15   +6.7564000e-15   +5.3666000e-15   +4.3546000e-15
  +9.5000000e+02   +9.6000000e+02   +0.0000000e+00   +0.0000000e+00  +0.0000000e+00   +0.0000000e+00   +0.0000000e+00   +0.0000000e+00   +0.0000000e+00   +0.0000000e+00   +0.0000000e+00   +0.0000000e+00   +0.0000000e+00
  +9.6000000e+02   +9.7000000e+02   +1.7908000e-15   +1.7908000e-15  +3.0070000e-15   +8.7754000e-16   +2.2807000e-15   +2.0574000e-15   +8.3103000e-16   +1.5604000e-15   +1.4752000e-15   +1.2840000e-15   +1.1188000e-15
  +9.7000000e+02   +9.8000000e+02   +1.7908000e-15   +1.7908000e-15  +3.3915000e-15   +7.1339000e-16   +2.0851000e-15   +2.3026000e-15   +7.9214000e-16   +1.4156000e-15   +1.6460000e-15   +1.2801000e-15   +1.0120000e-15
  +9.8000000e+02   +9.9000000e+02   +3.5816000e-15   +2.5325736e-15  +6.4017000e-15   +1.7208500e-15   +3.8775000e-15   +4.6477000e-15   +1.6110600e-15   +2.8151000e-15   +3.4554000e-15   +2.6626000e-15   +2.0928000e-15
  +9.9000000e+02   +1.0000000e+03   +3.5816000e-15   +2.5325736e-15  +5.7458000e-15   +2.7835000e-15   +4.0958000e-15   +4.2677000e-15   +2.3738000e-15   +3.0426000e-15   +3.2358000e-15   +2.7157000e-15   +2.3072000e-15
<\histogram>
##& xmin & xmax & central value & dy & muR= 0.500 muF= 0.500 & muR= 0.500 muF= 1.000 & muR= 0.500 muF= 2.000 & muR= 1.000 muF= 0.500 & muR= 1.000 muF= 1.000 & muR= 1.000 muF= 2.000 & muR= 2.000 muF= 0.500 & muR= 2.000 muF= 1.000 & muR= 2.000 muF= 2.000

<histogram> 100 "pt2 [GeV] |X_AXIS@LIN |Y_AXIS@LOG |JETSAMPLE@0"
  +0.0000000e+00   +1.0000000e+01   +0.0000000e+00   +0.0000000e+00  +0.0000000e+00   +0.0000000e+00   +0.0000000e+00   +0.0000000e+00   +0.0000000e+00   +0.0000000e+00   +0.0000000e+00   +0.0000000e+00   +0.0000000e+00
  +1.0000000e+01   +2.0000000e+01   +5.3724000e-15   +3.1017566e-15  +8.8703000e-15   +2.7502700e-15   +6.9617000e-15   +6.0537000e-15   +3.5463200e-15   +4.7637000e-15   +4.3433000e-15   +3.8567000e-15   +3.4219000e-15
  +2.0000000e+01   +3.0000000e+01   +5.0141300e-14   +9.4757902e-15  +8.6495900e-14   +2.3970700e-14   +6.2307500e-14   +5.9249600e-14   +2.8937800e-14   +4.2733700e-14   +4.2560800e-14   +3.6028000e-14   +3.0715700e-14
  +3.0000000e+01   +4.0000000e+01   +2.7577600e-13   +2.2222585e-14  +4.7226700e-13   +1.3082000e-13   +3.5055900e-13   +3.2030500e-13   +1.5817000e-13   +2.3799600e-13   +2.2906000e-13   +1.9725700e-13   +1.7028100e-13
  +4.0000000e+01   +5.0000000e+01   +9.6343000e-13   +4.1536078e-14  +1.6531500e-12   +4.5906000e-13   +1.2151400e-12   +1.1255100e-12   +5.4523000e-13   +8.2809000e-13   +8.0623000e-13   +6.9025000e-13   +5.9345000e-13
  +5.0000000e+01   +6.0000000e+01   +1.9877200e-12   +5.9661777e-14  +3.4400800e-12   +9.0551000e-13   +2.4930000e-12   +2.3387300e-12   +1.0613800e-12   +1.6960300e-12   +1.6741300e-12   +1.4230800e-12   +1.2144800e-12
  +6.0000000e+01   +7.0000000e+01   +2.9708600e-12   +7.2938772e-14  +5.1301000e-12   +1.3730300e-12   +3.7066800e-12   +3.5035400e-12   +1.5526300e-12   +2.5332500e-12   +2.5129000e-12   +2.1311800e-12   +1.8176700e-12
  +7.0000000e+01   +8.0000000e+01   +3.3845200e-12   +7.7851700e-14  +5.8475000e-12   +1.5669400e-12   +4.2010000e-12   +4.0046300e-12   +1.7350900e-12   +2.8792200e-12   +2.8757000e-12   +2.4307700e-12   +2.0683200e-12
  +8.0000000e+01   +9.0000000e+01   +3.5188400e-12   +7.9380667e-14  +6.0813000e-12   +1.6309700e-12   +4.3362000e-12   +4.1819000e-12   +1.7602000e-12   +2.9837900e-12   +3.0082300e-12   +2.5317100e-12   +2.1472400e-12
  +9.0000000e+01   +1.0000000e+02   +3.4794300e-12   +7.8936051e-14  +6.0042000e-12   +1.6257400e-12   +4.2624000e-12   +4.1464000e-12   +1.7109200e-12   +2.9450300e-12   +2.9881400e-12   +2.5078400e-12   +2.1230500e-12
  +1.0000000e+02   +1.1000000e+02   +2.9869700e-12   +7.3136185e-14  +5.1809000e-12   +1.3704300e-12   +3.6299400e-12   +3.5860700e-12   +1.4332300e-12   +2.5135700e-12   +2.5866600e-12   +2.1548100e-12   +1.8136000e-12
  +1.1000000e+02   +1.2000000e+02   +2.6539000e-12   +6.8938159e-14  +4.5827000e-12   +1.2422900e-12   +3.2170000e-12   +3.1833800e-12   +1.2653800e-12   +2.2354800e-12   +2.3000700e-12   +1.9177200e-12   +1.6156200e-12
  +1.2000000e+02   +1.3000000e+02   +2.3082700e-12   +6.4293313e-14  +3.9939800e-12   +1.0871200e-12   +2.7754400e-12   +2.7851300e-12   +1.0989000e-12   +1.9362300e-12   +2.0161000e-12   +1.6711500e-12   +1.4020400e-12
  +1.3000000e+02   +1.4000000e+02   +1.9358000e-12   +5.8877048e-14  +3.3430700e-12   +9.2025000e-13   +2.3198800e-12   +2.3377500e-12   +9.2720000e-13   +1.6230600e-12   +1.6947000e-12   +1.4035600e-12   +1.1770400e-12
  +1.4000000e+02   +1.5000000e+02   +1.4594600e-12   +5.1122833e-14  +2.5265000e-12   +6.8634000e-13   +1.7440900e-12   +1.7673100e-12   +6.8413000e-13   +1.2206300e-12   +1.2812000e-12   +1.0582100e-12   +8.8523000e-13
  +1.5000000e+02   +1.6000000e+02   +1.2624800e-12   +4.7547662e-14  +2.1823000e-12   +6.0805000e-13   +1.4991200e-12   +1.5334100e-12   +5.9879000e-13   +1.0537400e-12   +1.1143500e-12   +9.1760000e-13   +7.6600000e-13
  +1.6000000e+02   +1.7000000e+02   +1.0637100e-12   +4.3644281e-14  +1.8388200e-12   +5.1710000e-13   +1.2563800e-12   +1.2959200e-12   +5.0354000e-13   +8.8567000e-13   +9.4328000e-13   +7.7434000e-13   +6.4484000e-13
  +1.7000000e+02   +1.8000000e+02   +8.9538000e-13   +4.0042598e-14  +1.5515200e-12   +4.2755000e-13   +1.0543100e-12   +1.0939600e-12   +4.2025700e-13   +7.4356000e-13   +7.9654000e-13   +6.5201000e-13   +5.4154000e-13
  +1.8000000e+02   +1.9000000e+02   +7.0736000e-13   +3.5590996e-14  +1.2219300e-12   +3.4772300e-13   +8.3198000e-13   +8.6339000e-13   +3.3675100e-13   +5.8809000e-13   +6.2956000e-13   +5.1586000e-13   +4.2896800e-13
  +1.9000000e+02   +2.0000000e+02   +6.0349000e-13   +3.2873703e-14  +1.0476400e-12   +2.9084700e-13   +7.0397000e-13   +7.4194000e-13   +2.8363000e-13   +4.9863000e-13   +5.4173000e-13   +4.4067100e-13   +3.6414700e-13
  +2.0000000e+02   +2.1000000e+02   +4.8530000e-13   +2.9479877e-14  +8.4027000e-13   +2.3647100e-13   +5.6906000e-13   +5.9404000e-13   +2.2649100e-13   +4.0238700e-13   +4.3330900e-13   +3.5402400e-13   +2.9357700e-13
  +2.1000000e+02   +2.2000000e+02   +4.0113100e-13   +2.6802043e-14  +6.9668000e-13   +1.9416400e-13   +4.6740000e-13   +4.9349000e-13   +1.8463900e-13   +3.3113300e-13   +3.6031900e-13   +2.9290600e-13   +2.4182100e-13
  +2.2000000e+02   +2.3000000e+02   +3.5993600e-13   +2.5388854e-14  +6.2521000e-13   +1.7778900e-13   +4.1694300e-13   +4.4416400e-13   +1.6909900e-13   +2.9628100e-13   +3.2502000e-13   +2.6341600e-13   +2.1685400e-13
  +2.3000000e+02   +2.4000000e+02   +2.5786800e-13   +2.1488965e-14  +4.4663000e-13   +1.2736100e-13   +2.9980900e-13   +3.1726400e-13   +1.1712600e-13   +2.1298300e-13   +2.3199500e-13   +1.8857600e-13   +1.5576700e-13
  +2.4000000e+02   +2.5000000e+02   +1.8086700e-13   +1.7996904e-14  +3.1456100e-13   +8.9318000e-14   +2.0885200e-13   +2.2379400e-13   +8.3162000e-14   +1.4863300e-13   +1.6386300e-13   +1.3244500e-13   +1.0885400e-13
  +2.5000000e+02   +2.6000000e+02   +1.5400500e-13   +1.6606770e-14  +2.6988800e-13   +7.2698000e-14   +1.7673800e-13   +1.9202100e-13   +7.1062000e-14   +1.2574100e-13   +1.4062400e-13   +1.1278400e-13   +9.2089000e-14
  +2.6000000e+02   +2.7000000e+02   +1.6833200e-13   +1.7362045e-14  +2.9157700e-13   +8.3059000e-14   +1.9409500e-13   +2.0799100e-13   +7.8534000e-14   +1.3851500e-13   +1.5253400e-13   +1.2347100e-13   +1.0162100e-13
  +2.7000000e+02   +2.8000000e+02   +1.6295900e-13   +1.7082729e-14  +2.8097100e-13   +8.4245000e-14   +1.8809300e-13   +2.0075200e-13   +7.8018000e-14   +1.3444100e-13   +1.4739200e-13   +1.1966400e-13   +9.8739000e-14
  +2.8000000e+02   +2.9000000e+02   +1.1998100e-13   +1.4657983e-14  +2.0907500e-13   +5.8906000e-14   +1.3720600e-13   +1.4939100e-13   +5.5153000e-14   +9.8075000e-14   +1.0970800e-13   +8.8126000e-14   +7.2048000e-14
  +2.9000000e+02   +3.0000000e+02   +1.0923600e-13   +1.3986200e-14  +1.8904300e-13   +5.7849000e-14   +1.2493500e-13   +1.3552700e-13   +5.3600000e-14   +8.9588000e-14   +9.9811000e-14   +8.0460000e-14   +6.5999000e-14
  +3.0000000e+02   +3.1000000e+02   +1.1819000e-13   +1.4548175e-14  +2.0676800e-13   +5.7976000e-14   +1.3439300e-13   +1.4796300e-13   +5.6305800e-14   +9.6193000e-14   +1.0883200e-13   +8.6942000e-14   +7.0770400e-14
  +3.1000000e+02   +3.2000000e+02   +7.5212000e-14   +1.1605438e-14  +1.3284400e-13   +3.5562800e-14   +8.4915000e-14   +9.4959000e-14   +3.3829100e-14   +6.0689000e-14   +6.9765000e-14   +5.5253000e-14   +4.4581700e-14
  +3.2000000e+02   +3.3000000e+02   +6.0885000e-14   +1.0441844e-14  +1.0651800e-13   +3.0716100e-14   +6.9257900e-14   +7.6215400e-14   +2.7766600e-14   +4.9590500e-14   +5.6047100e-14   +4.4786200e-14   +3.6488700e-14
  +3.3000000e+02   +3.4000000e+02   +8.0585000e-14   +1.2012767e-14  +1.4122500e-13   +3.8606400e-14   +9.1719000e-14   +1.0091300e-13   +3.4795200e-14   +6.5526000e-14   +7.4075000e-14   +5.9150800e-14   +4.8097200e-14
  +3.4000000e+02   +3.5000000e+02   +5.3723100e-14   +9.8083358e-15  +9.5532000e-14   +2.5537500e-14   +5.9801500e-14   +6.8617900e-14   +2.3314600e-14   +4.2929200e-14   +5.0598300e-14   +3.9606900e-14   +3.1644500e-14
  +3.5000000e+02   +3.6000000e+02   +4.8351000e-14   +9.3050221e-15  +8.5637000e-14   +2.1566200e-14   +5.4534600e-14   +6.1149500e-14   +2.0837400e-14   +3.8925200e-14   +4.4866500e-14   +3.5471500e-14   +2.8554400e-14
  +3.6000000e+02   +3.7000000e+02   +3.7606400e-14   +8.2061780e-15  +6.5467000e-14   +1.9557000e-14   +4.2608000e-14   +4.7034000e-14   +1.7225600e-14   +3.0609500e-14   +3.4678100e-14   +2.7726900e-14   +2.2569300e-14
  +3.7000000e+02   +3.8000000e+02   +4.4769000e-14   +8.9537461e-15  +7.6420000e-14   +2.4756500e-14   +5.1515400e-14   +5.4951500e-14   +2.2149600e-14   +3.7078300e-14   +4.0553600e-14   +3.3051900e-14   +2.7384800e-14
  +3.8000000e+02   +3.9000000e+02   +4.6559800e-14   +9.1310484e-15  +8.2565000e-14   +2.2778200e-14   +5.2156600e-14   +5.9154000e-14   +2.0911300e-14   +3.7369100e-14   +4.3556300e-14   +3.4282700e-14   +2.7515900e-14
  +3.9000000e+02   +4.0000000e+02   +2.6861900e-14   +6.9355339e-15  +4.7509900e-14   +1.2764110e-14   +2.9959800e-14   +3.4187500e-14   +1.2119160e-14   +2.1560000e-14   +2.5232700e-14   +1.9824800e-14   +1.5912700e-14
  +4.0000000e+02   +4.1000000e+02   +1.9698400e-14   +5.9392492e-15  +3.4071700e-14   +1.0054230e-14   +2.2640200e-14   +2.4359400e-14   +9.1945000e-15   +1.6204000e-14   +1.7901300e-14   +1.4481500e-14   +1.1917400e-14
  +4.1000000e+02   +4.2000000e+02   +2.6861300e-14   +6.9355215e-15  +4.7778100e-14   +1.1525700e-14   +3.0166100e-14   +3.4145800e-14   +1.1187600e-14   +2.1565100e-14   +2.5056300e-14   +1.9713400e-14   +1.5828900e-14
  +4.2000000e+02   +4.3000000e+02   +2.3279900e-14   +6.4566842e-15  +4.0862900e-14   +1.1521000e-14   +2.6115400e-14   +2.9396400e-14   +1.1150900e-14   +1.8813900e-14   +2.1721000e-14   +1.7210200e-14   +1.3915300e-14
  +4.3000000e+02   +4.4000000e+02   +1.0744600e-14   +4.3864637e-15  +1.9216800e-14   +5.6750200e-15   +1.1676200e-14   +1.3945100e-14   +5.3070800e-15   +8.4812000e-15   +1.0365100e-14   +7.9896000e-15   +6.3090400e-15
  +4.4000000e+02   +4.5000000e+02   +2.8652600e-14   +7.1629758e-15  +5.0460900e-14   +1.3661000e-14   +3.1897300e-14   +3.6411500e-14   +1.2644600e-14   +2.3033700e-14   +2.6932200e-14   +2.1200300e-14   +1.7049100e-14
  +4.5000000e+02   +4.6000000e+02   +1.6116800e-14   +5.3722632e-15  +2.8045700e-14   +8.8806000e-15   +1.8040300e-14   +2.0304000e-14   +8.0208000e-15   +1.3064300e-14   +1.5063700e-14   +1.1958500e-14   +9.6951000e-15
  +4.6000000e+02   +4.7000000e+02   +1.7907600e-14   +5.6628797e-15  +3.2044000e-14   +7.9072900e-15   +1.9795900e-14   +2.3004200e-14   +7.7744600e-15   +1.4222100e-14   +1.6970800e-14   +1.3215500e-14   +1.0499300e-14
  +4.7000000e+02   +4.8000000e+02   +5.3723000e-15   +3.1016965e-15  +9.3524000e-15   +2.9389400e-15   +5.9482000e-15   +6.7902000e-15   +3.1481000e-15   +4.3197000e-15   +5.0495000e-15   +3.9955000e-15   +3.2129000e-15
  +4.8000000e+02   +4.9000000e+02   +8.9538000e-15   +4.0042611e-15  +1.5948700e-14   +4.0135800e-15   +9.9305000e-15   +1.1456800e-14   +3.8192200e-15   +7.1347000e-15   +8.4429000e-15   +6.5987000e-15   +5.2582000e-15
  +4.9000000e+02   +5.0000000e+02   +1.2535300e-14   +4.7378933e-15  +2.2069600e-14   +6.5853000e-15   +1.3987300e-14   +1.5898100e-14   +6.4655000e-15   +1.0078200e-14   +1.1746400e-14   +9.2627000e-15   +7.4478000e-15
  +5.0000000e+02   +5.1000000e+02   +1.0744600e-14   +4.3864637e-15  +1.8942900e-14   +4.7478600e-15   +1.2051200e-14   +1.3584500e-14   +4.7262700e-15   +8.6498000e-15   +1.0021700e-14   +7.9294000e-15   +6.3863000e-15
  +5.1000000e+02   +5.2000000e+02   +1.6116900e-14   +5.3723007e-15  +2.8316800e-14   +8.7389700e-15   +1.7777900e-14   +2.0563800e-14   +7.6420600e-15   +1.2922400e-14   +1.5294000e-14   +1.1991500e-14   +9.6186000e-15
  +5.2000000e+02   +5.3000000e+02   +1.0744500e-14   +4.3864221e-15  +1.8524500e-14   +6.1578000e-15   +1.2152000e-14   +1.3370800e-14   +5.4210000e-15   +8.7691000e-15   +9.8942000e-15   +7.9500000e-15   +6.4878000e-15
  +5.3000000e+02   +5.4000000e+02   +8.9539000e-15   +4.0043067e-15  +1.5740300e-14   +4.5714000e-15   +1.0089100e-14   +1.1289700e-14   +4.2986100e-15   +7.2271000e-15   +8.3346000e-15   +6.6065000e-15   +5.3301000e-15
  +5.4000000e+02   +5.5000000e+02   +5.3723000e-15   +3.1016965e-15  +9.4333000e-15   +2.6663700e-15   +6.0120000e-15   +6.7932000e-15   +2.2699900e-15   +4.3277000e-15   +5.0155000e-15   +3.9656000e-15   +3.1941000e-15
  +5.5000000e+02   +5.6000000e+02   +7.1631000e-15   +3.5815510e-15  +1.2208500e-14   +4.5783000e-15   +8.1721000e-15   +8.8263000e-15   +3.8080900e-15   +5.9046000e-15   +6.5395000e-15   +5.3057000e-15   +4.3726000e-15
  +5.6000000e+02   +5.7000000e+02   +0.0000000e+00   +0.0000000e+00  +0.0000000e+00   +0.0000000e+00   +0.0000000e+00   +0.0000000e+00   +0.0000000e+00   +0.0000000e+00   +0.0000000e+00   +0.0000000e+00   +0.0000000e+00
  +5.7000000e+02   +5.8000000e+02   +3.5815000e-15   +2.5325000e-15  +6.6612000e-15   +1.2468000e-15   +3.7734000e-15   +4.8140000e-15   +1.2237000e-15   +2.7276000e-15   +3.5651000e-15   +2.6526000e-15   +2.0204000e-15
  +5.8000000e+02   +5.9000000e+02   +0.0000000e+00   +0.0000000e+00  +0.0000000e+00   +0.0000000e+00   +0.0000000e+00   +0.0000000e+00   +0.0000000e+00   +0.0000000e+00   +0.0000000e+00   +0.0000000e+00   +0.0000000e+00
  +5.9000000e+02   +6.0000000e+02   +1.2535400e-14   +4.7379350e-15  +2.1767600e-14   +6.6156500e-15   +1.4048500e-14   +1.5750600e-14   +6.2585700e-15   +1.0168400e-14   +1.1677800e-14   +9.2952000e-15   +7.5413000e-15
  +6.0000000e+02   +6.1000000e+02   +8.9538000e-15   +4.0042574e-15  +1.6073100e-14   +4.3872800e-15   +9.5897000e-15   +1.1708200e-14   +3.9672000e-15   +6.9881000e-15   +8.7307000e-15   +6.6780000e-15   +5.2127000e-15
  +6.1000000e+02   +6.2000000e+02   +5.3724000e-15   +3.1017566e-15  +9.7156000e-15   +2.5082600e-15   +5.7188000e-15   +7.0826000e-15   +2.4738200e-15   +4.1658000e-15   +5.2857000e-15   +4.0078000e-15   +3.1069000e-15
  +6.2000000e+02   +6.3000000e+02   +5.3724000e-15   +3.1017566e-15  +1.0049200e-14   +2.1349000e-15   +5.5489000e-15   +7.3265000e-15   +1.9979700e-15   +4.0432000e-15   +5.4675000e-15   +4.0081000e-15   +3.0157300e-15
  +6.3000000e+02   +6.4000000e+02   +3.5815000e-15   +2.5325000e-15  +6.4224000e-15   +1.6547000e-15   +3.9221000e-15   +4.6289000e-15   +1.7279000e-15   +2.8268000e-15   +3.4199000e-15   +2.6461000e-15   +2.0885000e-15
  +6.4000000e+02   +6.5000000e+02   +0.0000000e+00   +0.0000000e+00  +0.0000000e+00   +0.0000000e+00   +0.0000000e+00   +0.0000000e+00   +0.0000000e+00   +0.0000000e+00   +0.0000000e+00   +0.0000000e+00   +0.0000000e+00
  +6.5000000e+02   +6.6000000e+02   +0.0000000e+00   +0.0000000e+00  +0.0000000e+00   +0.0000000e+00   +0.0000000e+00   +0.0000000e+00   +0.0000000e+00   +0.0000000e+00   +0.0000000e+00   +0.0000000e+00   +0.0000000e+00
  +6.6000000e+02   +6.7000000e+02   +5.3724000e-15   +3.1017566e-15  +9.4766000e-15   +2.9587000e-15   +5.8278000e-15   +6.9181000e-15   +2.5536500e-15   +4.2547000e-15   +5.1685000e-15   +4.0137000e-15   +3.1788000e-15
  +6.7000000e+02   +6.8000000e+02   +1.7908000e-15   +1.7908000e-15  +3.1986000e-15   +8.1070000e-16   +1.9434000e-15   +2.3187000e-15   +7.6301000e-16   +1.4088000e-15   +1.7216000e-15   +1.3296000e-15   +1.0460000e-15
  +6.8000000e+02   +6.9000000e+02   +1.7908000e-15   +1.7908000e-15  +3.1521000e-15   +8.0515000e-16   +2.1264000e-15   +2.1931000e-15   +7.0571000e-16   +1.4795000e-15   +1.5827000e-15   +1.2923000e-15   +1.0677000e-15
  +6.9000000e+02   +7.0000000e+02   +1.7908000e-15   +1.7908000e-15  +3.1497000e-15   +7.9319000e-16   +2.0020000e-15   +2.2642000e-15   +9.7417000e-16   +1.4392000e-15   +1.6691000e-15   +1.3201000e-15   +1.0609000e-15
  +7.0000000e+02   +7.1000000e+02   +5.3724000e-15   +3.1017566e-15  +9.7280000e-15   +2.4391100e-15   +5.8170000e-15   +7.0161000e-15   +2.2228600e-15   +4.1947000e-15   +5.1970000e-15   +3.9790000e-15   +3.1067000e-15
  +7.1000000e+02   +7.2000000e+02   +0.0000000e+00   +0.0000000e+00  +0.0000000e+00   +0.0000000e+00   +0.0000000e+00   +0.0000000e+00   +0.0000000e+00   +0.0000000e+00   +0.0000000e+00   +0.0000000e+00   +0.0000000e+00
  +7.2000000e+02   +7.3000000e+02   +0.0000000e+00   +0.0000000e+00  +0.0000000e+00   +0.0000000e+00   +0.0000000e+00   +0.0000000e+00   +0.0000000e+00   +0.0000000e+00   +0.0000000e+00   +0.0000000e+00   +0.0000000e+00
  +7.3000000e+02   +7.4000000e+02   +5.3723000e-15   +3.1016965e-15  +9.9754000e-15   +2.3257700e-15   +5.6079000e-15   +7.2607000e-15   +2.2696100e-15   +4.0836000e-15   +5.4100000e-15   +4.0038000e-15   +3.0439200e-15
  +7.4000000e+02   +7.5000000e+02   +1.7908000e-15   +1.7908000e-15  +3.2016000e-15   +1.0124000e-15   +1.9230000e-15   +2.3377000e-15   +8.9825000e-16   +1.4041000e-15   +1.7465000e-15   +1.3379000e-15   +1.0490000e-15
  +7.5000000e+02   +7.6000000e+02   +1.7908000e-15   +1.7908000e-15  +2.7042000e-15   +1.6047000e-15   +2.0944000e-15   +2.0424000e-15   +1.4968000e-15   +1.5819000e-15   +1.5712000e-15   +1.3776000e-15   +1.2169000e-15
  +7.6000000e+02   +7.7000000e+02   +1.7908000e-15   +1.7908000e-15  +3.1823000e-15   +1.3471000e-15   +1.8232000e-15   +2.3929000e-15   +1.0766000e-15   +1.3709000e-15   +1.8338000e-15   +1.3723000e-15   +1.0506000e-15
  +7.7000000e+02   +7.8000000e+02   +0.0000000e+00   +0.0000000e+00  +0.0000000e+00   +0.0000000e+00   +0.0000000e+00   +0.0000000e+00   +0.0000000e+00   +0.0000000e+00   +0.0000000e+00   +0.0000000e+00   +0.0000000e+00
  +7.8000000e+02   +7.9000000e+02   +1.7908000e-15   +1.7908000e-15  +3.3915000e-15   +7.1339000e-16   +2.0851000e-15   +2.3026000e-15   +7.9214000e-16   +1.4156000e-15   +1.6460000e-15   +1.2801000e-15   +1.0120000e-15
  +7.9000000e+02   +8.0000000e+02   +0.0000000e+00   +0.0000000e+00  +0.0000000e+00   +0.0000000e+00   +0.0000000e+00   +0.0000000e+00   +0.0000000e+00   +0.0000000e+00   +0.0000000e+00   +0.0000000e+00   +0.0000000e+00
  +8.0000000e+02   +8.1000000e+02   +0.0000000e+00   +0.0000000e+00  +0.0000000e+00   +0.0000000e+00   +0.0000000e+00   +0.0000000e+00   +0.0000000e+00   +0.0000000e+00   +0.0000000e+00   +0.0000000e+00   +0.0000000e+00
  +8.1000000e+02   +8.2000000e+02   +1.7908000e-15   +1.7908000e-15  +3.3946000e-15   +8.1255000e-16   +1.7774000e-15   +2.5119000e-15   +7.8304000e-16   +1.3152000e-15   +1.8983000e-15   +1.3533000e-15   +9.9393000e-16
  +8.2000000e+02   +8.3000000e+02   +0.0000000e+00   +0.0000000e+00  +0.0000000e+00   +0.0000000e+00   +0.0000000e+00   +0.0000000e+00   +0.0000000e+00   +0.0000000e+00   +0.0000000e+00   +0.0000000e+00   +0.0000000e+00
  +8.3000000e+02   +8.4000000e+02   +0.0000000e+00   +0.0000000e+00  +0.0000000e+00   +0.0000000e+00   +0.0000000e+00   +0.0000000e+00   +0.0000000e+00   +0.0000000e+00   +0.0000000e+00   +0.0000000e+00   +0.0000000e+00
  +8.4000000e+02   +8.5000000e+02   +0.0000000e+00   +0.0000000e+00  +0.0000000e+00   +0.0000000e+00   +0.0000000e+00   +0.0000000e+00   +0.0000000e+00   +0.0000000e+00   +0.0000000e+00   +0.0000000e+00   +0.0000000e+00
  +8.5000000e+02   +8.6000000e+02   +0.0000000e+00   +0.0000000e+00  +0.0000000e+00   +0.0000000e+00   +0.0000000e+00   +0.0000000e+00   +0.0000000e+00   +0.0000000e+00   +0.0000000e+00   +0.0000000e+00   +0.0000000e+00
  +8.6000000e+02   +8.7000000e+02   +1.7908000e-15   +1.7908000e-15  +3.1635000e-15   +9.6871000e-16   +1.9641000e-15   +2.2945000e-15   +8.7265000e-16   +1.4246000e-15   +1.7045000e-15   +1.3302000e-15   +1.0582000e-15
  +8.7000000e+02   +8.8000000e+02   +1.7908000e-15   +1.7908000e-15  +3.1852000e-15   +9.8249000e-16   +1.9275000e-15   +2.3252000e-15   +8.6728000e-16   +1.4071000e-15   +1.7368000e-15   +1.3376000e-15   +1.0510000e-15
  +8.8000000e+02   +8.9000000e+02   +0.0000000e+00   +0.0000000e+00  +0.0000000e+00   +0.0000000e+00   +0.0000000e+00   +0.0000000e+00   +0.0000000e+00   +0.0000000e+00   +0.0000000e+00   +0.0000000e+00   +0.0000000e+00
  +8.9000000e+02   +9.0000000e+02   +0.0000000e+00   +0.0000000e+00  +0.0000000e+00   +0.0000000e+00   +0.0000000e+00   +0.0000000e+00   +0.0000000e+00   +0.0000000e+00   +0.0000000e+00   +0.0000000e+00   +0.0000000e+00
  +9.0000000e+02   +9.1000000e+02   +1.7908000e-15   +1.7908000e-15  +3.0750000e-15   +9.8874000e-16   +2.0407000e-15   +2.2141000e-15   +9.1761000e-16   +1.4694000e-15   +1.6345000e-15   +1.3220000e-15   +1.0847000e-15
  +9.1000000e+02   +9.2000000e+02   +0.0000000e+00   +0.0000000e+00  +0.0000000e+00   +0.0000000e+00   +0.0000000e+00   +0.0000000e+00   +0.0000000e+00   +0.0000000e+00   +0.0000000e+00   +0.0000000e+00   +0.0000000e+00
  +9.2000000e+02   +9.3000000e+02   +0.0000000e+00   +0.0000000e+00  +0.0000000e+00   +0.0000000e+00   +0.0000000e+00   +0.0000000e+00   +0.0000000e+00   +0.0000000e+00   +0.0000000e+00   +0.0000000e+00   +0.0000000e+00
  +9.3000000e+02   +9.4000000e+02   +0.0000000e+00   +0.0000000e+00  +0.0000000e+00   +0.0000000e+00   +0.0000000e+00   +0.0000000e+00   +0.0000000e+00   +0.0000000e+00   +0.0000000e+00   +0.0000000e+00   +0.0000000e+00
  +9.4000000e+02   +9.5000000e+02   +0.0000000e+00   +0.0000000e+00  +0.0000000e+00   +0.0000000e+00   +0.0000000e+00   +0.0000000e+00   +0.0000000e+00   +0.0000000e+00   +0.0000000e+00   +0.0000000e+00   +0.0000000e+00
  +9.5000000e+02   +9.6000000e+02   +0.0000000e+00   +0.0000000e+00  +0.0000000e+00   +0.0000000e+00   +0.0000000e+00   +0.0000000e+00   +0.0000000e+00   +0.0000000e+00   +0.0000000e+00   +0.0000000e+00   +0.0000000e+00
  +9.6000000e+02   +9.7000000e+02   +0.0000000e+00   +0.0000000e+00  +0.0000000e+00   +0.0000000e+00   +0.0000000e+00   +0.0000000e+00   +0.0000000e+00   +0.0000000e+00   +0.0000000e+00   +0.0000000e+00   +0.0000000e+00
  +9.7000000e+02   +9.8000000e+02   +0.0000000e+00   +0.0000000e+00  +0.0000000e+00   +0.0000000e+00   +0.0000000e+00   +0.0000000e+00   +0.0000000e+00   +0.0000000e+00   +0.0000000e+00   +0.0000000e+00   +0.0000000e+00
  +9.8000000e+02   +9.9000000e+02   +1.7908000e-15   +1.7908000e-15  +3.1402000e-15   +1.0512000e-15   +1.9702000e-15   +2.2820000e-15   +8.8816000e-16   +1.4318000e-15   +1.6979000e-15   +1.3324000e-15   +1.0653000e-15
  +9.9000000e+02   +1.0000000e+03   +0.0000000e+00   +0.0000000e+00  +0.0000000e+00   +0.0000000e+00   +0.0000000e+00   +0.0000000e+00   +0.0000000e+00   +0.0000000e+00   +0.0000000e+00   +0.0000000e+00   +0.0000000e+00
<\histogram>


##& xmin & xmax & central value & dy & muR= 0.500 muF= 0.500 & muR= 0.500 muF= 1.000 & muR= 0.500 muF= 2.000 & muR= 1.000 muF= 0.500 & muR= 1.000 muF= 1.000 & muR= 1.000 muF= 2.000 & muR= 2.000 muF= 0.500 & muR= 2.000 muF= 1.000 & muR= 2.000 muF= 2.000

<histogram> 100 "pt3 [GeV] |X_AXIS@LIN |Y_AXIS@LOG |JETSAMPLE@0"
  +0.0000000e+00   +5.0000000e+00   +0.0000000e+00   +0.0000000e+00  +0.0000000e+00   +0.0000000e+00   +0.0000000e+00   +0.0000000e+00   +0.0000000e+00   +0.0000000e+00   +0.0000000e+00   +0.0000000e+00   +0.0000000e+00
  +5.0000000e+00   +1.0000000e+01   +0.0000000e+00   +0.0000000e+00  +0.0000000e+00   +0.0000000e+00   +0.0000000e+00   +0.0000000e+00   +0.0000000e+00   +0.0000000e+00   +0.0000000e+00   +0.0000000e+00   +0.0000000e+00
  +1.0000000e+01   +1.5000000e+01   +7.1631000e-15   +3.5815479e-15  +1.2389700e-14   +3.3313100e-15   +8.9604000e-15   +8.4400000e-15   +3.4773700e-15   +6.1070000e-15   +6.0446000e-15   +5.1306000e-15   +4.3748000e-15
  +1.5000000e+01   +2.0000000e+01   +2.3279900e-14   +6.4566842e-15  +4.0544800e-14   +1.0593700e-14   +2.8648500e-14   +2.7806600e-14   +1.3038000e-14   +1.9655800e-14   +1.9974800e-14   +1.6724300e-14   +1.4122800e-14
  +2.0000000e+01   +2.5000000e+01   +6.2677000e-14   +1.0594234e-14  +1.0854200e-13   +2.8189200e-14   +7.7407000e-14   +7.4463000e-14   +3.3862100e-14   +5.3139700e-14   +5.3509400e-14   +4.5046100e-14   +3.8200200e-14
  +2.5000000e+01   +3.0000000e+01   +2.5249700e-13   +2.1263826e-14  +4.2957600e-13   +1.2776900e-13   +3.1778700e-13   +2.9416000e-13   +1.4235700e-13   +2.1776500e-13   +2.1128400e-13   +1.8138400e-13   +1.5646700e-13
  +3.0000000e+01   +3.5000000e+01   +4.5305800e-13   +2.8483781e-14  +7.6929000e-13   +2.2859000e-13   +5.7339000e-13   +5.2549000e-13   +2.6213400e-13   +3.9212400e-13   +3.7700600e-13   +3.2512900e-13   +2.8148800e-13
  +3.5000000e+01   +4.0000000e+01   +8.0585000e-13   +3.7988106e-14  +1.3898100e-12   +3.7770800e-13   +1.0076300e-12   +9.4860000e-13   +4.4230000e-13   +6.8816000e-13   +6.8025000e-13   +5.7793000e-13   +4.9363000e-13
  +4.0000000e+01   +4.5000000e+01   +1.2374100e-12   +4.7073728e-14  +2.1390100e-12   +5.6524000e-13   +1.5471700e-12   +1.4580400e-12   +6.5896000e-13   +1.0554600e-12   +1.0450000e-12   +8.8702000e-13   +7.5677000e-13
  +4.5000000e+01   +5.0000000e+01   +1.7585200e-12   +5.6116644e-14  +3.0382800e-12   +8.1962000e-13   +2.1918700e-12   +2.0753600e-12   +9.3830000e-13   +1.4980400e-12   +1.4889600e-12   +1.2618000e-12   +1.0751000e-12
  +5.0000000e+01   +5.5000000e+01   +2.0522100e-12   +6.0621494e-14  +3.5412500e-12   +9.4959000e-13   +2.5506300e-12   +2.4246200e-12   +1.0662600e-12   +1.7474600e-12   +1.7410100e-12   +1.4738000e-12   +1.2552000e-12
  +5.5000000e+01   +6.0000000e+01   +2.3243900e-12   +6.4516807e-14  +4.0142700e-12   +1.0767200e-12   +2.8836400e-12   +2.7505700e-12   +1.1935300e-12   +1.9770300e-12   +1.9757500e-12   +1.6698400e-12   +1.4205700e-12
  +6.0000000e+01   +6.5000000e+01   +2.3709600e-12   +6.5159814e-14  +4.0866400e-12   +1.1116200e-12   +2.9288200e-12   +2.8100500e-12   +1.2032000e-12   +2.0152500e-12   +2.0215800e-12   +1.7059700e-12   +1.4503600e-12
  +6.5000000e+01   +7.0000000e+01   +2.3852800e-12   +6.5356960e-14  +4.1279600e-12   +1.1024100e-12   +2.9300200e-12   +2.8423100e-12   +1.1870300e-12   +2.0185600e-12   +2.0458200e-12   +1.7170900e-12   +1.4533700e-12
  +7.0000000e+01   +7.5000000e+01   +2.3458800e-12   +6.4814107e-14  +4.0535700e-12   +1.0930900e-12   +2.8773200e-12   +2.7957800e-12   +1.1579700e-12   +1.9856400e-12   +2.0138400e-12   +1.6900300e-12   +1.4308100e-12
  +7.5000000e+01   +8.0000000e+01   +2.1596400e-12   +6.2187854e-14  +3.7366300e-12   +1.0008400e-12   +2.6358900e-12   +2.5827800e-12   +1.0498000e-12   +1.8225800e-12   +1.8620700e-12   +1.5571700e-12   +1.3143400e-12
  +8.0000000e+01   +8.5000000e+01   +2.0593600e-12   +6.0727167e-14  +3.5717000e-12   +9.5173000e-13   +2.4958700e-12   +2.4758400e-12   +9.9148000e-13   +1.7306400e-12   +1.7876000e-12   +1.4870400e-12   +1.2498500e-12
  +8.5000000e+01   +9.0000000e+01   +1.8534300e-12   +5.7611351e-14  +3.1999700e-12   +8.7225000e-13   +2.2454800e-12   +2.2238100e-12   +8.9375000e-13   +1.5611000e-12   +1.6071900e-12   +1.3396600e-12   +1.1285500e-12
  +9.0000000e+01   +9.5000000e+01   +1.6833000e-12   +5.4903231e-14  +2.9157600e-12   +7.7535000e-13   +2.0301000e-12   +2.0281800e-12   +7.8798000e-13   +1.4125700e-12   +1.4663000e-12   +1.2170900e-12   +1.0214900e-12
  +9.5000000e+01   +1.0000000e+02   +1.5185600e-12   +5.2147101e-14  +2.6247900e-12   +7.1940000e-13   +1.8300700e-12   +1.8288700e-12   +7.2401000e-13   +1.2757400e-12   +1.3236700e-12   +1.0992500e-12   +9.2367000e-13
  +1.0000000e+02   +1.0500000e+02   +1.3144200e-12   +4.8516021e-14  +2.2810500e-12   +6.1269000e-13   +1.5694300e-12   +1.5945800e-12   +6.1707000e-13   +1.0975300e-12   +1.1558000e-12   +9.5284000e-13   +7.9576000e-13
  +1.0500000e+02   +1.1000000e+02   +1.2803800e-12   +4.7883479e-14  +2.2174600e-12   +6.0429000e-13   +1.5274300e-12   +1.5526800e-12   +5.9897000e-13   +1.0697200e-12   +1.1262600e-12   +9.2883000e-13   +7.7610000e-13
  +1.1000000e+02   +1.1500000e+02   +1.0440100e-12   +4.3238518e-14  +1.8030800e-12   +5.0891000e-13   +1.2428000e-12   +1.2659000e-12   +5.0067000e-13   +8.7295000e-13   +9.1987000e-13   +7.5877000e-13   +6.3457000e-13
  +1.1500000e+02   +1.2000000e+02   +9.3478000e-13   +4.0913735e-14  +1.6229500e-12   +4.3826000e-13   +1.1071700e-12   +1.1395400e-12   +4.3435000e-13   +7.7767000e-13   +8.2777000e-13   +6.7910000e-13   +5.6506000e-13
  +1.2000000e+02   +1.2500000e+02   +7.7898000e-13   +3.7349142e-14  +1.3470600e-12   +3.7461800e-13   +9.2223000e-13   +9.4784000e-13   +3.6747800e-13   +6.4916000e-13   +6.8943000e-13   +5.6669000e-13   +4.7233000e-13
  +1.2500000e+02   +1.3000000e+02   +6.3751000e-13   +3.3787868e-14  +1.1051300e-12   +3.0424400e-13   +7.4947000e-13   +7.7966000e-13   +2.9829200e-13   +5.2885000e-13   +5.6788000e-13   +4.6437600e-13   +3.8526300e-13
  +1.3000000e+02   +1.3500000e+02   +6.0527000e-13   +3.2922871e-14  +1.0476500e-12   +2.9036400e-13   +7.1426000e-13   +7.3824000e-13   +2.8026200e-13   +5.0341000e-13   +5.3742000e-13   +4.4067000e-13   +3.6655200e-13
  +1.3500000e+02   +1.4000000e+02   +4.9604000e-13   +2.9803483e-14  +8.5980000e-13   +2.3928900e-13   +5.8089000e-13   +6.0805000e-13   +2.3055000e-13   +4.1094800e-13   +4.4346000e-13   +3.6181000e-13   +2.9979600e-13
  +1.4000000e+02   +1.4500000e+02   +4.5128000e-13   +2.8427296e-14  +7.7843000e-13   +2.2341000e-13   +5.2989000e-13   +5.5093000e-13   +2.1286600e-13   +3.7514200e-13   +4.0203400e-13   +3.2935700e-13   +2.7383500e-13
  +1.4500000e+02   +1.5000000e+02   +3.3487500e-13   +2.4487703e-14  +5.7807000e-13   +1.6592100e-13   +3.9308000e-13   +4.0900600e-13   +1.5687900e-13   +2.7814500e-13   +2.9845000e-13   +2.4436800e-13   +2.0299000e-13
  +1.5000000e+02   +1.5500000e+02   +3.1159100e-13   +2.3622149e-14  +5.3893000e-13   +1.5418700e-13   +3.6400700e-13   +3.8214700e-13   +1.4784800e-13   +2.5819100e-13   +2.7919700e-13   +2.2767800e-13   +1.8869200e-13
  +1.5500000e+02   +1.6000000e+02   +3.1338100e-13   +2.3689435e-14  +5.4667000e-13   +1.4840600e-13   +3.6246200e-13   +3.8799500e-13   +1.4356200e-13   +2.5730100e-13   +2.8363500e-13   +2.2910100e-13   +1.8811800e-13
  +1.6000000e+02   +1.6500000e+02   +2.4891500e-13   +2.1113038e-14  +4.2827800e-13   +1.2654900e-13   +2.9027500e-13   +3.0470100e-13   +1.1846900e-13   +2.0663800e-13   +2.2310300e-13   +1.8230200e-13   +1.5137800e-13
  +1.6500000e+02   +1.7000000e+02   +2.3458800e-13   +2.0495816e-14  +4.0887200e-13   +1.1361700e-13   +2.7013200e-13   +2.9102400e-13   +1.0748000e-13   +1.9228300e-13   +2.1306000e-13   +1.7174400e-13   +1.4077500e-13
  +1.7000000e+02   +1.7500000e+02   +2.0951900e-13   +1.9370061e-14  +3.6715800e-13   +1.0123000e-13   +2.4039800e-13   +2.6111900e-13   +9.5723000e-14   +1.7095200e-13   +1.9115800e-13   +1.5337800e-13   +1.2514700e-13
  +1.7500000e+02   +1.8000000e+02   +1.6474900e-13   +1.7176313e-14  +2.8637500e-13   +8.0067000e-14   +1.9061200e-13   +2.0358200e-13   +7.4018000e-14   +1.3553600e-13   +1.4898200e-13   +1.2057800e-13   +9.9212000e-14
  +1.8000000e+02   +1.8500000e+02   +1.2893400e-13   +1.5195037e-14  +2.2509500e-13   +6.2931500e-14   +1.4766900e-13   +1.6052500e-13   +5.9955100e-14   +1.0530800e-13   +1.1774100e-13   +9.4570000e-14   +7.7244000e-14
  +1.8500000e+02   +1.9000000e+02   +1.3788800e-13   +1.5713821e-14  +2.3955100e-13   +6.9616000e-14   +1.5841200e-13   +1.7101400e-13   +6.2987000e-14   +1.1308400e-13   +1.2549000e-13   +1.0118100e-13   +8.2980000e-14
  +1.9000000e+02   +1.9500000e+02   +8.5957000e-14   +1.2406757e-14  +1.4933600e-13   +4.3279900e-14   +9.8125000e-14   +1.0690400e-13   +4.0121700e-14   +7.0257000e-14   +7.8672000e-14   +6.3259000e-14   +5.1710200e-14
  +1.9500000e+02   +2.0000000e+02   +6.9840000e-14   +1.1183253e-14  +1.2295400e-13   +3.1655500e-14   +7.9903000e-14   +8.7372000e-14   +3.1573800e-14   +5.6728800e-14   +6.3986000e-14   +5.1134200e-14   +4.1526700e-14
  +2.0000000e+02   +2.0500000e+02   +7.8793000e-14   +1.1878535e-14  +1.3742800e-13   +3.7567000e-14   +9.0098000e-14   +9.8173000e-14   +3.6035100e-14   +6.4358000e-14   +7.2063000e-14   +5.7839800e-14   +4.7244300e-14
  +2.0500000e+02   +2.1000000e+02   +5.9096000e-14   +1.0287117e-14  +1.0359200e-13   +2.8425600e-14   +6.7455000e-14   +7.3903000e-14   +2.6849900e-14   +4.8143300e-14   +5.4186300e-14   +4.3336600e-14   +3.5313300e-14
  +2.1000000e+02   +2.1500000e+02   +4.1188300e-14   +8.5881381e-15  +7.2324900e-14   +2.0861500e-14   +4.6533500e-14   +5.1858000e-14   +2.0068400e-14   +3.3366000e-14   +3.8187200e-14   +3.0331200e-14   +2.4572900e-14
  +2.1500000e+02   +2.2000000e+02   +6.4467000e-14   +1.0744508e-14  +1.1322100e-13   +3.1671900e-14   +7.2664000e-14   +8.1226000e-14   +3.0001200e-14   +5.2148000e-14   +5.9850000e-14   +4.7508500e-14   +3.8435700e-14
  +2.2000000e+02   +2.2500000e+02   +3.7606800e-14   +8.2062031e-15  +6.4720000e-14   +2.0788100e-14   +4.2586700e-14   +4.6812900e-14   +1.9398500e-14   +3.0837000e-14   +3.4704000e-14   +2.7891300e-14   +2.2881100e-14
  +2.2500000e+02   +2.3000000e+02   +4.1187500e-14   +8.5881797e-15  +7.2390900e-14   +1.9146600e-14   +4.6843100e-14   +5.1658900e-14   +1.8316300e-14   +3.3411900e-14   +3.7900600e-14   +3.0213200e-14   +2.4506500e-14
  +2.3000000e+02   +2.3500000e+02   +4.1187000e-14   +8.5881433e-15  +7.1334000e-14   +2.1221500e-14   +4.6751600e-14   +5.1331500e-14   +1.9246500e-14   +3.3668800e-14   +3.7892500e-14   +3.0414700e-14   +2.4871000e-14
  +2.3500000e+02   +2.4000000e+02   +2.5071000e-14   +6.7003552e-15  +4.3871200e-14   +1.1518400e-14   +2.8473700e-14   +3.1389200e-14   +1.0502100e-14   +2.0374200e-14   +2.3061400e-14   +1.8420600e-14   +1.4971100e-14
  +2.4000000e+02   +2.4500000e+02   +2.5070600e-14   +6.7003632e-15  +4.3962700e-14   +1.1569670e-14   +2.8837900e-14   +3.1192700e-14   +1.0415260e-14   +2.0465100e-14   +2.2809500e-14   +1.8333600e-14   +1.4966300e-14
  +2.4500000e+02   +2.5000000e+02   +2.1489100e-14   +6.2033300e-15  +3.7906500e-14   +1.0507900e-14   +2.4148400e-14   +2.7180700e-14   +9.6296000e-15   +1.7321000e-14   +1.9998500e-14   +1.5813300e-14   +1.2747700e-14
  +2.5000000e+02   +2.5500000e+02   +2.3279800e-14   +6.4566542e-15  +3.9834900e-14   +1.2406900e-14   +2.6952600e-14   +2.8495000e-14   +1.0842000e-14   +1.9272800e-14   +2.0948100e-14   +1.7112400e-14   +1.4165800e-14
  +2.5500000e+02   +2.6000000e+02   +2.8652100e-14   +7.1629913e-15  +5.0749500e-14   +1.3597400e-14   +3.1946800e-14   +3.6522000e-14   +1.2325800e-14   +2.2983000e-14   +2.6967600e-14   +2.1154200e-14   +1.6967600e-14
  +2.6000000e+02   +2.6500000e+02   +1.2535400e-14   +4.7379350e-15  +2.2071100e-14   +6.6648200e-15   +1.3860700e-14   +1.5987300e-14   +6.0244400e-15   +1.0036500e-14   +1.1863300e-14   +9.3002000e-15   +7.4452900e-15
  +2.6500000e+02   +2.7000000e+02   +1.6116900e-14   +5.3722531e-15  +2.8568700e-14   +7.8770100e-15   +1.7848400e-14   +2.0576000e-14   +7.5233000e-15   +1.2853400e-14   +1.5222300e-14   +1.1923500e-14   +9.5097000e-15
  +2.7000000e+02   +2.7500000e+02   +1.7907600e-14   +5.6628365e-15  +3.2571200e-14   +7.7249000e-15   +1.9404000e-14   +2.3475200e-14   +7.4415000e-15   +1.3977600e-14   +1.7357500e-14   +1.3238000e-14   +1.0331000e-14
  +2.7500000e+02   +2.8000000e+02   +1.4326100e-14   +5.0650398e-15  +2.4698900e-14   +7.9645600e-15   +1.6207800e-14   +1.7830500e-14   +6.8154100e-15   +1.1695500e-14   +1.3194100e-14   +1.0598900e-14   +8.6513000e-15
  +2.8000000e+02   +2.8500000e+02   +8.9539000e-15   +4.0043040e-15  +1.5718600e-14   +4.0711500e-15   +1.0326000e-14   +1.1140800e-14   +4.2077700e-15   +7.3046000e-15   +8.1590000e-15   +6.5542000e-15   +5.3450000e-15
  +2.8500000e+02   +2.9000000e+02   +8.9539000e-15   +4.0043067e-15  +1.5172300e-14   +5.9156800e-15   +1.0303400e-14   +1.0949300e-14   +4.9344300e-15   +7.4344000e-15   +8.0989000e-15   +6.6224000e-15   +5.4985000e-15
  +2.9000000e+02   +2.9500000e+02   +8.9538000e-15   +4.0042574e-15  +1.6241400e-14   +3.6908000e-15   +9.7391000e-15   +1.1685500e-14   +3.4399400e-15   +7.0078000e-15   +8.6211000e-15   +6.6060000e-15   +5.1705000e-15
  +2.9500000e+02   +3.0000000e+02   +7.1631000e-15   +3.5815479e-15  +1.2591000e-14   +3.3259000e-15   +8.0468000e-15   +9.0366000e-15   +3.3590500e-15   +5.7885000e-15   +6.6680000e-15   +5.2906000e-15   +4.2796000e-15
  +3.0000000e+02   +3.0500000e+02   +1.2535300e-14   +4.7378988e-15  +2.2592100e-14   +5.3463000e-15   +1.3663900e-14   +1.6317300e-14   +5.4377000e-15   +9.8772000e-15   +1.2078700e-14   +9.2825000e-15   +7.3169000e-15
  +3.0500000e+02   +3.1000000e+02   +3.5816000e-15   +2.5325736e-15  +6.2072000e-15   +1.8255200e-15   +4.0239000e-15   +4.4813000e-15   +1.5080400e-15   +2.9054000e-15   +3.3160000e-15   +2.6503000e-15   +2.1501000e-15
  +3.1000000e+02   +3.1500000e+02   +1.0744600e-14   +4.3864612e-15  +1.8961800e-14   +5.6154800e-15   +1.2037900e-14   +1.3639100e-14   +5.1389400e-15   +8.6551000e-15   +1.0062500e-14   +7.9256000e-15   +6.3832300e-15
  +3.1500000e+02   +3.2000000e+02   +5.3723000e-15   +3.1016965e-15  +9.3748000e-15   +3.0543700e-15   +6.0070000e-15   +6.7676000e-15   +2.5439400e-15   +4.3377000e-15   +5.0076000e-15   +3.9757000e-15   +3.2106000e-15
  +3.2000000e+02   +3.2500000e+02   +5.3724000e-15   +3.1017566e-15  +9.5753000e-15   +2.5591000e-15   +5.8962000e-15   +6.9122000e-15   +2.2157300e-15   +4.2566000e-15   +5.1140000e-15   +3.9746000e-15   +3.1493000e-15
  +3.2500000e+02   +3.3000000e+02   +3.5815000e-15   +2.5325000e-15  +6.2497000e-15   +1.8237000e-15   +4.0859000e-15   +4.4685000e-15   +1.6749000e-15   +2.9184000e-15   +3.2844000e-15   +2.6313000e-15   +2.1434000e-15
  +3.3000000e+02   +3.3500000e+02   +5.3723000e-15   +3.1017000e-15  +9.8107000e-15   +2.5204000e-15   +5.7139000e-15   +7.1340000e-15   +2.3830000e-15   +4.1531000e-15   +5.3113000e-15   +3.9989000e-15   +3.0908000e-15
  +3.3500000e+02   +3.4000000e+02   +0.0000000e+00   +0.0000000e+00  +0.0000000e+00   +0.0000000e+00   +0.0000000e+00   +0.0000000e+00   +0.0000000e+00   +0.0000000e+00   +0.0000000e+00   +0.0000000e+00   +0.0000000e+00
  +3.4000000e+02   +3.4500000e+02   +3.5815000e-15   +2.5325000e-15  +6.2323000e-15   +1.7910000e-15   +4.0660000e-15   +4.4742000e-15   +1.5705000e-15   +2.9153000e-15   +3.2974000e-15   +2.6381000e-15   +2.1463000e-15
  +3.4500000e+02   +3.5000000e+02   +3.5816000e-15   +2.5325736e-15  +6.2821000e-15   +1.8441300e-15   +3.9453000e-15   +4.5571000e-15   +1.6725300e-15   +2.8621000e-15   +3.3858000e-15   +2.6610000e-15   +2.1266000e-15
  +3.5000000e+02   +3.5500000e+02   +3.5816000e-15   +2.5325736e-15  +6.6818000e-15   +1.3886700e-15   +3.7221000e-15   +4.8593000e-15   +1.4228500e-15   +2.7071000e-15   +3.6180000e-15   +2.6667000e-15   +2.0157200e-15
  +3.5500000e+02   +3.6000000e+02   +5.3723000e-15   +3.1016965e-15  +9.7153000e-15   +2.1755700e-15   +5.8284000e-15   +7.0051000e-15   +2.0664200e-15   +4.2030000e-15   +5.1778000e-15   +3.9711000e-15   +3.1068000e-15
  +3.6000000e+02   +3.6500000e+02   +1.7908000e-15   +1.7908000e-15  +3.3240000e-15   +6.7170000e-16   +1.8885000e-15   +2.4053000e-15   +5.5702000e-16   +1.3666000e-15   +1.7832000e-15   +1.3276000e-15   +1.0131000e-15
  +3.6500000e+02   +3.7000000e+02   +0.0000000e+00   +0.0000000e+00  +0.0000000e+00   +0.0000000e+00   +0.0000000e+00   +0.0000000e+00   +0.0000000e+00   +0.0000000e+00   +0.0000000e+00   +0.0000000e+00   +0.0000000e+00
  +3.7000000e+02   +3.7500000e+02   +3.5816000e-15   +2.5325736e-15  +6.4734000e-15   +1.4750100e-15   +4.0972000e-15   +4.5340000e-15   +1.4616000e-15   +2.8753000e-15   +3.2956000e-15   +2.6047000e-15   +2.0923000e-15
  +3.7500000e+02   +3.8000000e+02   +3.5816000e-15   +2.5325736e-15  +6.2002000e-15   +2.1372000e-15   +3.9243000e-15   +4.5383000e-15   +1.7159900e-15   +2.8723000e-15   +3.3978000e-15   +2.6814000e-15   +2.1505000e-15
  +3.8000000e+02   +3.8500000e+02   +1.7908000e-15   +1.7908000e-15  +2.7433000e-15   +1.2038000e-15   +2.1158000e-15   +2.0464000e-15   +1.2921000e-15   +1.5783000e-15   +1.5574000e-15   +1.3629000e-15   +1.2012000e-15
  +3.8500000e+02   +3.9000000e+02   +0.0000000e+00   +0.0000000e+00  +0.0000000e+00   +0.0000000e+00   +0.0000000e+00   +0.0000000e+00   +0.0000000e+00   +0.0000000e+00   +0.0000000e+00   +0.0000000e+00   +0.0000000e+00
  +3.9000000e+02   +3.9500000e+02   +3.5816000e-15   +2.5325736e-15  +6.1947000e-15   +2.0112400e-15   +3.9915000e-15   +4.5004000e-15   +1.6645800e-15   +2.8985000e-15   +3.3480000e-15   +2.6638000e-15   +2.1554000e-15
  +3.9500000e+02   +4.0000000e+02   +1.7908000e-15   +1.7908000e-15  +3.2427000e-15   +6.6082000e-16   +2.0184000e-15   +2.2914000e-15   +5.9161000e-16   +1.4262000e-15   +1.6659000e-15   +1.3019000e-15   +1.0369000e-15
  +4.0000000e+02   +4.0500000e+02   +0.0000000e+00   +0.0000000e+00  +0.0000000e+00   +0.0000000e+00   +0.0000000e+00   +0.0000000e+00   +0.0000000e+00   +0.0000000e+00   +0.0000000e+00   +0.0000000e+00   +0.0000000e+00
  +4.0500000e+02   +4.1000000e+02   +0.0000000e+00   +0.0000000e+00  +0.0000000e+00   +0.0000000e+00   +0.0000000e+00   +0.0000000e+00   +0.0000000e+00   +0.0000000e+00   +0.0000000e+00   +0.0000000e+00   +0.0000000e+00
  +4.1000000e+02   +4.1500000e+02   +0.0000000e+00   +0.0000000e+00  +0.0000000e+00   +0.0000000e+00   +0.0000000e+00   +0.0000000e+00   +0.0000000e+00   +0.0000000e+00   +0.0000000e+00   +0.0000000e+00   +0.0000000e+00
  +4.1500000e+02   +4.2000000e+02   +1.7908000e-15   +1.7908000e-15  +3.0996000e-15   +1.2395000e-15   +1.9115000e-15   +2.3008000e-15   +1.0983000e-15   +1.4189000e-15   +1.7436000e-15   +1.3571000e-15   +1.0753000e-15
  +4.2000000e+02   +4.2500000e+02   +0.0000000e+00   +0.0000000e+00  +0.0000000e+00   +0.0000000e+00   +0.0000000e+00   +0.0000000e+00   +0.0000000e+00   +0.0000000e+00   +0.0000000e+00   +0.0000000e+00   +0.0000000e+00
  +4.2500000e+02   +4.3000000e+02   +0.0000000e+00   +0.0000000e+00  +0.0000000e+00   +0.0000000e+00   +0.0000000e+00   +0.0000000e+00   +0.0000000e+00   +0.0000000e+00   +0.0000000e+00   +0.0000000e+00   +0.0000000e+00
  +4.3000000e+02   +4.3500000e+02   +1.7908000e-15   +1.7908000e-15  +3.3175000e-15   +6.6185000e-16   +1.9509000e-15   +2.3649000e-15   +5.5456000e-16   +1.3907000e-15   +1.7307000e-15   +1.3105000e-15   +1.0178000e-15
  +4.3500000e+02   +4.4000000e+02   +0.0000000e+00   +0.0000000e+00  +0.0000000e+00   +0.0000000e+00   +0.0000000e+00   +0.0000000e+00   +0.0000000e+00   +0.0000000e+00   +0.0000000e+00   +0.0000000e+00   +0.0000000e+00
  +4.4000000e+02   +4.4500000e+02   +0.0000000e+00   +0.0000000e+00  +0.0000000e+00   +0.0000000e+00   +0.0000000e+00   +0.0000000e+00   +0.0000000e+00   +0.0000000e+00   +0.0000000e+00   +0.0000000e+00   +0.0000000e+00
  +4.4500000e+02   +4.5000000e+02   +1.7908000e-15   +1.7908000e-15  +3.3533000e-15   +6.4817000e-16   +2.0823000e-15   +2.2878000e-15   +7.0721000e-16   +1.4206000e-15   +1.6385000e-15   +1.2826000e-15   +1.0175000e-15
  +4.5000000e+02   +4.5500000e+02   +1.7908000e-15   +1.7908000e-15  +3.3875000e-15   +8.8213000e-16   +1.7685000e-15   +2.5163000e-15   +8.5037000e-16   +1.3137000e-15   +1.9080000e-15   +1.3579000e-15   +9.9613000e-16
  +4.5500000e+02   +4.6000000e+02   +0.0000000e+00   +0.0000000e+00  +0.0000000e+00   +0.0000000e+00   +0.0000000e+00   +0.0000000e+00   +0.0000000e+00   +0.0000000e+00   +0.0000000e+00   +0.0000000e+00   +0.0000000e+00
  +4.6000000e+02   +4.6500000e+02   +0.0000000e+00   +0.0000000e+00  +0.0000000e+00   +0.0000000e+00   +0.0000000e+00   +0.0000000e+00   +0.0000000e+00   +0.0000000e+00   +0.0000000e+00   +0.0000000e+00   +0.0000000e+00
  +4.6500000e+02   +4.7000000e+02   +1.7908000e-15   +1.7908000e-15  +3.1075000e-15   +1.1016000e-15   +1.9573000e-15   +2.2754000e-15   +9.0132000e-16   +1.4332000e-15   +1.7041000e-15   +1.3411000e-15   +1.0733000e-15
  +4.7000000e+02   +4.7500000e+02   +0.0000000e+00   +0.0000000e+00  +0.0000000e+00   +0.0000000e+00   +0.0000000e+00   +0.0000000e+00   +0.0000000e+00   +0.0000000e+00   +0.0000000e+00   +0.0000000e+00   +0.0000000e+00
  +4.7500000e+02   +4.8000000e+02   +0.0000000e+00   +0.0000000e+00  +0.0000000e+00   +0.0000000e+00   +0.0000000e+00   +0.0000000e+00   +0.0000000e+00   +0.0000000e+00   +0.0000000e+00   +0.0000000e+00   +0.0000000e+00
  +4.8000000e+02   +4.8500000e+02   +0.0000000e+00   +0.0000000e+00  +0.0000000e+00   +0.0000000e+00   +0.0000000e+00   +0.0000000e+00   +0.0000000e+00   +0.0000000e+00   +0.0000000e+00   +0.0000000e+00   +0.0000000e+00
  +4.8500000e+02   +4.9000000e+02   +0.0000000e+00   +0.0000000e+00  +0.0000000e+00   +0.0000000e+00   +0.0000000e+00   +0.0000000e+00   +0.0000000e+00   +0.0000000e+00   +0.0000000e+00   +0.0000000e+00   +0.0000000e+00
  +4.9000000e+02   +4.9500000e+02   +0.0000000e+00   +0.0000000e+00  +0.0000000e+00   +0.0000000e+00   +0.0000000e+00   +0.0000000e+00   +0.0000000e+00   +0.0000000e+00   +0.0000000e+00   +0.0000000e+00   +0.0000000e+00
  +4.9500000e+02   +5.0000000e+02   +0.0000000e+00   +0.0000000e+00  +0.0000000e+00   +0.0000000e+00   +0.0000000e+00   +0.0000000e+00   +0.0000000e+00   +0.0000000e+00   +0.0000000e+00   +0.0000000e+00   +0.0000000e+00
<\histogram>


##& xmin & xmax & central value & dy & muR= 0.500 muF= 0.500 & muR= 0.500 muF= 1.000 & muR= 0.500 muF= 2.000 & muR= 1.000 muF= 0.500 & muR= 1.000 muF= 1.000 & muR= 1.000 muF= 2.000 & muR= 2.000 muF= 0.500 & muR= 2.000 muF= 1.000 & muR= 2.000 muF= 2.000

<histogram> 100 "pt4 [GeV] |X_AXIS@LIN |Y_AXIS@LOG |JETSAMPLE@0"
  +0.0000000e+00   +5.0000000e+00   +0.0000000e+00   +0.0000000e+00  +0.0000000e+00   +0.0000000e+00   +0.0000000e+00   +0.0000000e+00   +0.0000000e+00   +0.0000000e+00   +0.0000000e+00   +0.0000000e+00   +0.0000000e+00
  +5.0000000e+00   +1.0000000e+01   +7.1631000e-15   +3.5815479e-15  +1.1943700e-14   +3.9455500e-15   +8.8925000e-15   +8.3699000e-15   +4.5862600e-15   +6.2498000e-15   +6.0692000e-15   +5.1982000e-15   +4.5389400e-15
  +1.0000000e+01   +1.5000000e+01   +4.6560600e-14   +9.1310556e-15  +8.0923000e-14   +2.1471100e-14   +5.6803000e-14   +5.5786000e-14   +2.4569700e-14   +3.9172000e-14   +4.0215000e-14   +3.3566500e-14   +2.8244700e-14
  +1.5000000e+01   +2.0000000e+01   +1.2893500e-13   +1.5195015e-14  +2.2021900e-13   +6.4558000e-14   +1.6017000e-13   +1.5166600e-13   +6.8878000e-14   +1.1037600e-13   +1.0918400e-13   +9.2834000e-14   +7.9490000e-14
  +2.0000000e+01   +2.5000000e+01   +3.8142700e-13   +2.6135903e-14  +6.5208000e-13   +1.8821000e-13   +4.7454000e-13   +4.4847000e-13   +2.0665200e-13   +3.2656300e-13   +3.2269100e-13   +2.7449300e-13   +2.3505400e-13
  +2.5000000e+01   +3.0000000e+01   +8.0047000e-13   +3.7860945e-14  +1.3714700e-12   +3.8652300e-13   +1.0027500e-12   +9.3841000e-13   +4.3440500e-13   +6.8650000e-13   +6.7366000e-13   +5.7470000e-13   +4.9298000e-13
  +3.0000000e+01   +3.5000000e+01   +1.3717100e-12   +4.9561953e-14  +2.3573700e-12   +6.5859000e-13   +1.7107000e-12   +1.6144100e-12   +7.4625000e-13   +1.1725100e-12   +1.1597300e-12   +9.8558000e-13   +8.4266000e-13
  +3.5000000e+01   +4.0000000e+01   +1.9608700e-12   +5.9257218e-14  +3.3807900e-12   +9.1749000e-13   +2.4432300e-12   +2.3126200e-12   +1.0292500e-12   +1.6722500e-12   +1.6600900e-12   +1.4077700e-12   +1.2007800e-12
  +4.0000000e+01   +4.5000000e+01   +2.6037500e-12   +6.8283697e-14  +4.4977000e-12   +1.2095000e-12   +3.2266000e-12   +3.0831800e-12   +1.3515000e-12   +2.2134600e-12   +2.2154200e-12   +1.8712400e-12   +1.5911200e-12
  +4.5000000e+01   +5.0000000e+01   +3.0604000e-12   +7.4029708e-14  +5.2749000e-12   +1.4345200e-12   +3.7885600e-12   +3.6224900e-12   +1.5754900e-12   +2.6030800e-12   +2.6047300e-12   +2.2008500e-12   +1.8723300e-12
  +5.0000000e+01   +5.5000000e+01   +3.0210000e-12   +7.3551438e-14  +5.2177000e-12   +1.4005700e-12   +3.7181400e-12   +3.5919300e-12   +1.5208200e-12   +2.5607300e-12   +2.5854100e-12   +2.1746800e-12   +1.8436400e-12
  +5.5000000e+01   +6.0000000e+01   +3.0245800e-12   +7.3595129e-14  +5.2312000e-12   +1.4139100e-12   +3.6986100e-12   +3.6124000e-12   +1.5008900e-12   +2.5551000e-12   +2.6038200e-12   +2.1803700e-12   +1.8422300e-12
  +6.0000000e+01   +6.5000000e+01   +2.8275900e-12   +7.1158552e-14  +4.8923000e-12   +1.3199000e-12   +3.4406100e-12   +3.3882500e-12   +1.3796600e-12   +2.3837000e-12   +2.4453600e-12   +2.0409300e-12   +1.7208000e-12
  +6.5000000e+01   +7.0000000e+01   +2.5464500e-12   +6.7528043e-14  +4.4161000e-12   +1.1773100e-12   +3.0862000e-12   +3.0612200e-12   +1.2239200e-12   +2.1400700e-12   +2.2103500e-12   +1.8388400e-12   +1.5456300e-12
  +7.0000000e+01   +7.5000000e+01   +2.2867800e-12   +6.3992949e-14  +3.9558300e-12   +1.0689400e-12   +2.7644800e-12   +2.7500900e-12   +1.0889000e-12   +1.9223100e-12   +1.9883100e-12   +1.6534900e-12   +1.3901400e-12
  +7.5000000e+01   +8.0000000e+01   +1.9376000e-12   +5.8904374e-14  +3.3669200e-12   +8.9306000e-13   +2.3231500e-12   +2.3464100e-12   +9.1162000e-13   +1.6194600e-12   +1.6981900e-12   +1.4024300e-12   +1.1723300e-12
  +8.0000000e+01   +8.5000000e+01   +1.6349500e-12   +5.4109150e-14  +2.8282000e-12   +7.7039000e-13   +1.9597800e-12   +1.9757700e-12   +7.7544000e-13   +1.3697400e-12   +1.4318600e-12   +1.1850400e-12   +9.9299000e-13
  +8.5000000e+01   +9.0000000e+01   +1.4540900e-12   +5.1028463e-14  +2.5192500e-12   +6.8380000e-13   +1.7353300e-12   +1.7627900e-12   +6.7533000e-13   +1.2145500e-12   +1.2785400e-12   +1.0547200e-12   +8.8109000e-13
  +9.0000000e+01   +9.5000000e+01   +1.2105500e-12   +4.6559358e-14  +2.0982700e-12   +5.7720000e-13   +1.4353000e-12   +1.4735100e-12   +5.7048000e-13   +1.0081800e-12   +1.0707000e-12   +8.7970000e-13   +7.3271000e-13
  +9.5000000e+01   +1.0000000e+02   +1.0278900e-12   +4.2902904e-14  +1.7767500e-12   +4.9522000e-13   +1.2186800e-12   +1.2496500e-12   +4.8611000e-13   +8.5738000e-13   +9.0881000e-13   +7.4763000e-13   +6.2370000e-13
  +1.0000000e+02   +1.0500000e+02   +8.1658000e-13   +3.8240163e-14  +1.4170600e-12   +3.8558800e-13   +9.6325000e-13   +9.9739000e-13   +3.7563200e-13   +6.7817000e-13   +7.2549000e-13   +5.9405000e-13   +4.9341000e-13
  +1.0500000e+02   +1.1000000e+02   +6.7689000e-13   +3.4816400e-14  +1.1732200e-12   +3.2818800e-13   +7.9593000e-13   +8.2784000e-13   +3.1486400e-13   +5.6179000e-13   +6.0316000e-13   +4.9325000e-13   +4.0943300e-13
  +1.1000000e+02   +1.1500000e+02   +5.3543000e-13   +3.0965068e-14  +9.2692000e-13   +2.6175100e-13   +6.2719000e-13   +6.5601000e-13   +2.5012700e-13   +4.4398400e-13   +4.7871000e-13   +3.9076800e-13   +3.2406400e-13
  +1.1500000e+02   +1.2000000e+02   +4.5664100e-13   +2.8596602e-14  +7.8920000e-13   +2.2384600e-13   +5.3387000e-13   +5.5936000e-13   +2.1351100e-13   +3.7845300e-13   +4.0861000e-13   +3.3360200e-13   +2.7651600e-13
  +1.2000000e+02   +1.2500000e+02   +3.5456400e-13   +2.5198353e-14  +6.1753000e-13   +1.6544700e-13   +4.1264800e-13   +4.3713700e-13   +1.6284500e-13   +2.9216700e-13   +3.1903000e-13   +2.5879100e-13   +2.1326800e-13
  +1.2500000e+02   +1.3000000e+02   +2.7756700e-13   +2.2295187e-14  +4.8445700e-13   +1.3183100e-13   +3.2107000e-13   +3.4374400e-13   +1.2677700e-13   +2.2777200e-13   +2.5125500e-13   +2.0287600e-13   +1.6647800e-13
  +1.3000000e+02   +1.3500000e+02   +2.3100700e-13   +2.0339257e-14  +4.0132400e-13   +1.1333400e-13   +2.6635700e-13   +2.8589300e-13   +1.0498800e-13   +1.8969900e-13   +2.0949800e-13   +1.6926200e-13   +1.3898600e-13
  +1.3500000e+02   +1.4000000e+02   +1.9877400e-13   +1.8866771e-14  +3.4638000e-13   +9.4343000e-14   +2.2906000e-13   +2.4647800e-13   +8.8514000e-14   +1.6309700e-13   +1.8037800e-13   +1.4550700e-13   +1.1942400e-13
  +1.4000000e+02   +1.4500000e+02   +1.5937700e-13   +1.6893970e-14  +2.7738900e-13   +7.6519000e-14   +1.8427700e-13   +1.9705500e-13   +7.2514000e-14   +1.3094400e-13   +1.4422300e-13   +1.1666000e-13   +9.5861000e-14
  +1.4500000e+02   +1.5000000e+02   +1.0565600e-13   +1.3755067e-14  +1.8431700e-13   +5.0068600e-14   +1.2190800e-13   +1.3100900e-13   +4.8563400e-14   +8.6649000e-14   +9.5916000e-14   +7.7357000e-14   +6.3445000e-14
  +1.5000000e+02   +1.5500000e+02   +1.0386400e-13   +1.3637922e-14  +1.8156200e-13   +5.0835000e-14   +1.1836000e-13   +1.2977300e-13   +4.8177900e-14   +8.4585000e-14   +9.5304000e-14   +7.6274000e-14   +6.2114000e-14
  +1.5500000e+02   +1.6000000e+02   +9.3120000e-14   +1.2913261e-14  +1.6357700e-13   +4.5564600e-14   +1.0572600e-13   +1.1692200e-13   +4.2785200e-14   +7.5539000e-14   +8.5921000e-14   +6.8418000e-14   +5.5494000e-14
  +1.6000000e+02   +1.6500000e+02   +6.8049000e-14   +1.1039001e-14  +1.1790900e-13   +3.4547600e-14   +7.8026000e-14   +8.4355000e-14   +3.3355400e-14   +5.5853000e-14   +6.2016000e-14   +5.0040000e-14   +4.1083000e-14
  +1.6500000e+02   +1.7000000e+02   +6.6259000e-14   +1.0892796e-14  +1.1610500e-13   +3.1577200e-14   +7.5648000e-14   +8.2787000e-14   +2.9436500e-14   +5.3942000e-14   +6.0703000e-14   +4.8585700e-14   +3.9558000e-14
  +1.7000000e+02   +1.7500000e+02   +6.2676800e-14   +1.0594206e-14  +1.1117500e-13   +3.0242500e-14   +6.9965400e-14   +7.9808000e-14   +2.8077700e-14   +5.0238500e-14   +5.8808800e-14   +4.6193400e-14   +3.7033600e-14
  +1.7500000e+02   +1.8000000e+02   +3.5815300e-14   +8.0084565e-15  +6.5259000e-14   +1.3757200e-14   +3.9499300e-14   +4.6551600e-14   +1.3807000e-14   +2.8158900e-14   +3.4140200e-14   +2.6261100e-14   +2.0643800e-14
  +1.8000000e+02   +1.8500000e+02   +3.4025300e-14   +7.8056835e-15  +5.9469800e-14   +1.7568200e-14   +3.8409300e-14   +4.2718300e-14   +1.5907800e-14   +2.7573600e-14   +3.1506700e-14   +2.5089700e-14   +2.0329600e-14
  +1.8500000e+02   +1.9000000e+02   +3.9397100e-14   +8.3993387e-15  +6.9559300e-14   +1.9150600e-14   +4.4009400e-14   +5.0057900e-14   +1.7852600e-14   +3.1677700e-14   +3.6998000e-14   +2.9119900e-14   +2.3417500e-14
  +1.9000000e+02   +1.9500000e+02   +2.3279900e-14   +6.4566446e-15  +4.0937000e-14   +1.0548000e-14   +2.6596700e-14   +2.9128000e-14   +1.0551900e-14   +1.8904400e-14   +2.1348400e-14   +1.7056200e-14   +1.3846400e-14
  +1.9500000e+02   +2.0000000e+02   +1.6116800e-14   +5.3722639e-15  +2.7635500e-14   +8.1207700e-15   +1.8787300e-14   +1.9692100e-14   +7.6433900e-15   +1.3424100e-14   +1.4442400e-14   +1.1831900e-14   +9.8642000e-15
  +2.0000000e+02   +2.0500000e+02   +1.9698300e-14   +5.9392590e-15  +3.4592600e-14   +9.5911000e-15   +2.2047000e-14   +2.4897000e-14   +8.8820000e-15   +1.5879400e-14   +1.8411500e-14   +1.4570600e-14   +1.1749000e-14
  +2.0500000e+02   +2.1000000e+02   +1.9698400e-14   +5.9392923e-15  +3.4324100e-14   +1.0680500e-14   +2.2072400e-14   +2.4801800e-14   +9.6435300e-15   +1.5966400e-14   +1.8365800e-14   +1.4594000e-14   +1.1834500e-14
  +2.1000000e+02   +2.1500000e+02   +1.4325800e-14   +5.0650430e-15  +2.5641000e-14   +6.5100300e-15   +1.5888800e-14   +1.8392500e-14   +6.1826600e-15   +1.1395300e-14   +1.3536600e-14   +1.0543000e-14   +8.3859000e-15
  +2.1500000e+02   +2.2000000e+02   +8.9538000e-15   +4.0042574e-15  +1.5600100e-14   +5.3262000e-15   +9.9016000e-15   +1.1341300e-14   +4.6960000e-15   +7.1970000e-15   +8.4439000e-15   +6.6657000e-15   +5.3575000e-15
  +2.2000000e+02   +2.2500000e+02   +1.0744600e-14   +4.3864646e-15  +1.8609200e-14   +5.4938300e-15   +1.2247600e-14   +1.3349200e-14   +5.0755500e-15   +8.7905000e-15   +9.8475000e-15   +7.9275000e-15   +6.4873000e-15
  +2.2500000e+02   +2.3000000e+02   +1.2535300e-14   +4.7378933e-15  +2.1817100e-14   +6.9867000e-15   +1.3884400e-14   +1.5867900e-14   +6.5918000e-15   +1.0107100e-14   +1.1820700e-14   +9.3416000e-15   +7.5350000e-15
  +2.3000000e+02   +2.3500000e+02   +7.1631000e-15   +3.5815479e-15  +1.2552800e-14   +3.2657500e-15   +8.1558000e-15   +8.9672000e-15   +3.2081000e-15   +5.8151000e-15   +6.5923000e-15   +5.2623000e-15   +4.2694000e-15
  +2.3500000e+02   +2.4000000e+02   +7.1631000e-15   +3.5815479e-15  +1.2411300e-14   +4.0401300e-15   +7.9786000e-15   +9.0140000e-15   +3.5820300e-15   +5.7932000e-15   +6.7039000e-15   +5.3265000e-15   +4.3076000e-15
  +2.4000000e+02   +2.4500000e+02   +3.5815000e-15   +2.5325000e-15  +6.1358000e-15   +1.8586000e-15   +4.1153000e-15   +4.4019000e-15   +1.6435000e-15   +2.9527000e-15   +3.2395000e-15   +2.6359000e-15   +2.1732000e-15
  +2.4500000e+02   +2.5000000e+02   +1.7908000e-15   +1.7908000e-15  +2.9263000e-15   +1.1947000e-15   +2.1730000e-15   +2.0866000e-15   +1.0280000e-15   +1.5494000e-15   +1.5274000e-15   +1.3109000e-15   +1.1342000e-15
  +2.5000000e+02   +2.5500000e+02   +0.0000000e+00   +0.0000000e+00  +0.0000000e+00   +0.0000000e+00   +0.0000000e+00   +0.0000000e+00   +0.0000000e+00   +0.0000000e+00   +0.0000000e+00   +0.0000000e+00   +0.0000000e+00
  +2.5500000e+02   +2.6000000e+02   +1.7908000e-15   +1.7908000e-15  +3.0472000e-15   +8.0848000e-16   +2.1385000e-15   +2.1490000e-15   +7.0325000e-16   +1.5082000e-15   +1.5606000e-15   +1.3005000e-15   +1.0953000e-15
  +2.6000000e+02   +2.6500000e+02   +3.5816000e-15   +2.5325736e-15  +6.4551000e-15   +1.6131800e-15   +3.9259000e-15   +4.6419000e-15   +1.4962500e-15   +2.8232000e-15   +3.4230000e-15   +2.6410000e-15   +2.0818000e-15
  +2.6500000e+02   +2.7000000e+02   +3.5815000e-15   +2.5325000e-15  +6.7161000e-15   +1.8348000e-15   +3.6814000e-15   +4.9097000e-15   +1.7407000e-15   +2.6965000e-15   +3.6726000e-15   +2.6815000e-15   +2.0205000e-15
  +2.7000000e+02   +2.7500000e+02   +0.0000000e+00   +0.0000000e+00  +0.0000000e+00   +0.0000000e+00   +0.0000000e+00   +0.0000000e+00   +0.0000000e+00   +0.0000000e+00   +0.0000000e+00   +0.0000000e+00   +0.0000000e+00
  +2.7500000e+02   +2.8000000e+02   +0.0000000e+00   +0.0000000e+00  +0.0000000e+00   +0.0000000e+00   +0.0000000e+00   +0.0000000e+00   +0.0000000e+00   +0.0000000e+00   +0.0000000e+00   +0.0000000e+00   +0.0000000e+00
  +2.8000000e+02   +2.8500000e+02   +1.7908000e-15   +1.7908000e-15  +3.2479000e-15   +8.6641000e-16   +1.9221000e-15   +2.3566000e-15   +7.6349000e-16   +1.3947000e-15   +1.7512000e-15   +1.3307000e-15   +1.0364000e-15
  +2.8500000e+02   +2.9000000e+02   +3.5815000e-15   +2.5325000e-15  +6.7733000e-15   +1.2164000e-15   +3.7046000e-15   +4.9107000e-15   +1.1422000e-15   +2.6857000e-15   +3.6465000e-15   +2.6594000e-15   +1.9942000e-15
  +2.9000000e+02   +2.9500000e+02   +0.0000000e+00   +0.0000000e+00  +0.0000000e+00   +0.0000000e+00   +0.0000000e+00   +0.0000000e+00   +0.0000000e+00   +0.0000000e+00   +0.0000000e+00   +0.0000000e+00   +0.0000000e+00
  +2.9500000e+02   +3.0000000e+02   +0.0000000e+00   +0.0000000e+00  +0.0000000e+00   +0.0000000e+00   +0.0000000e+00   +0.0000000e+00   +0.0000000e+00   +0.0000000e+00   +0.0000000e+00   +0.0000000e+00   +0.0000000e+00
  +3.0000000e+02   +3.0500000e+02   +0.0000000e+00   +0.0000000e+00  +0.0000000e+00   +0.0000000e+00   +0.0000000e+00   +0.0000000e+00   +0.0000000e+00   +0.0000000e+00   +0.0000000e+00   +0.0000000e+00   +0.0000000e+00
  +3.0500000e+02   +3.1000000e+02   +0.0000000e+00   +0.0000000e+00  +0.0000000e+00   +0.0000000e+00   +0.0000000e+00   +0.0000000e+00   +0.0000000e+00   +0.0000000e+00   +0.0000000e+00   +0.0000000e+00   +0.0000000e+00
  +3.1000000e+02   +3.1500000e+02   +0.0000000e+00   +0.0000000e+00  +0.0000000e+00   +0.0000000e+00   +0.0000000e+00   +0.0000000e+00   +0.0000000e+00   +0.0000000e+00   +0.0000000e+00   +0.0000000e+00   +0.0000000e+00
  +3.1500000e+02   +3.2000000e+02   +3.5816000e-15   +2.5325736e-15  +6.6214000e-15   +1.5265500e-15   +3.7341000e-15   +4.8341000e-15   +1.3847000e-15   +2.7234000e-15   +3.6118000e-15   +2.6747000e-15   +2.0330300e-15
  +3.2000000e+02   +3.2500000e+02   +1.7908000e-15   +1.7908000e-15  +3.3075000e-15   +5.3473000e-16   +1.9490000e-15   +2.3569000e-15   +6.2954000e-16   +1.3888000e-15   +1.7243000e-15   +1.3101000e-15   +1.0160000e-15
  +3.2500000e+02   +3.3000000e+02   +1.7908000e-15   +1.7908000e-15  +3.1626000e-15   +9.9916000e-16   +1.9530000e-15   +2.3015000e-15   +9.2237000e-16   +1.4213000e-15   +1.7145000e-15   +1.3340000e-15   +1.0588000e-15
  +3.3000000e+02   +3.3500000e+02   +0.0000000e+00   +0.0000000e+00  +0.0000000e+00   +0.0000000e+00   +0.0000000e+00   +0.0000000e+00   +0.0000000e+00   +0.0000000e+00   +0.0000000e+00   +0.0000000e+00   +0.0000000e+00
  +3.3500000e+02   +3.4000000e+02   +0.0000000e+00   +0.0000000e+00  +0.0000000e+00   +0.0000000e+00   +0.0000000e+00   +0.0000000e+00   +0.0000000e+00   +0.0000000e+00   +0.0000000e+00   +0.0000000e+00   +0.0000000e+00
  +3.4000000e+02   +3.4500000e+02   +0.0000000e+00   +0.0000000e+00  +0.0000000e+00   +0.0000000e+00   +0.0000000e+00   +0.0000000e+00   +0.0000000e+00   +0.0000000e+00   +0.0000000e+00   +0.0000000e+00   +0.0000000e+00
  +3.4500000e+02   +3.5000000e+02   +0.0000000e+00   +0.0000000e+00  +0.0000000e+00   +0.0000000e+00   +0.0000000e+00   +0.0000000e+00   +0.0000000e+00   +0.0000000e+00   +0.0000000e+00   +0.0000000e+00   +0.0000000e+00
  +3.5000000e+02   +3.5500000e+02   +0.0000000e+00   +0.0000000e+00  +0.0000000e+00   +0.0000000e+00   +0.0000000e+00   +0.0000000e+00   +0.0000000e+00   +0.0000000e+00   +0.0000000e+00   +0.0000000e+00   +0.0000000e+00
  +3.5500000e+02   +3.6000000e+02   +0.0000000e+00   +0.0000000e+00  +0.0000000e+00   +0.0000000e+00   +0.0000000e+00   +0.0000000e+00   +0.0000000e+00   +0.0000000e+00   +0.0000000e+00   +0.0000000e+00   +0.0000000e+00
  +3.6000000e+02   +3.6500000e+02   +0.0000000e+00   +0.0000000e+00  +0.0000000e+00   +0.0000000e+00   +0.0000000e+00   +0.0000000e+00   +0.0000000e+00   +0.0000000e+00   +0.0000000e+00   +0.0000000e+00   +0.0000000e+00
  +3.6500000e+02   +3.7000000e+02   +0.0000000e+00   +0.0000000e+00  +0.0000000e+00   +0.0000000e+00   +0.0000000e+00   +0.0000000e+00   +0.0000000e+00   +0.0000000e+00   +0.0000000e+00   +0.0000000e+00   +0.0000000e+00
  +3.7000000e+02   +3.7500000e+02   +0.0000000e+00   +0.0000000e+00  +0.0000000e+00   +0.0000000e+00   +0.0000000e+00   +0.0000000e+00   +0.0000000e+00   +0.0000000e+00   +0.0000000e+00   +0.0000000e+00   +0.0000000e+00
  +3.7500000e+02   +3.8000000e+02   +0.0000000e+00   +0.0000000e+00  +0.0000000e+00   +0.0000000e+00   +0.0000000e+00   +0.0000000e+00   +0.0000000e+00   +0.0000000e+00   +0.0000000e+00   +0.0000000e+00   +0.0000000e+00
  +3.8000000e+02   +3.8500000e+02   +0.0000000e+00   +0.0000000e+00  +0.0000000e+00   +0.0000000e+00   +0.0000000e+00   +0.0000000e+00   +0.0000000e+00   +0.0000000e+00   +0.0000000e+00   +0.0000000e+00   +0.0000000e+00
  +3.8500000e+02   +3.9000000e+02   +0.0000000e+00   +0.0000000e+00  +0.0000000e+00   +0.0000000e+00   +0.0000000e+00   +0.0000000e+00   +0.0000000e+00   +0.0000000e+00   +0.0000000e+00   +0.0000000e+00   +0.0000000e+00
  +3.9000000e+02   +3.9500000e+02   +0.0000000e+00   +0.0000000e+00  +0.0000000e+00   +0.0000000e+00   +0.0000000e+00   +0.0000000e+00   +0.0000000e+00   +0.0000000e+00   +0.0000000e+00   +0.0000000e+00   +0.0000000e+00
  +3.9500000e+02   +4.0000000e+02   +0.0000000e+00   +0.0000000e+00  +0.0000000e+00   +0.0000000e+00   +0.0000000e+00   +0.0000000e+00   +0.0000000e+00   +0.0000000e+00   +0.0000000e+00   +0.0000000e+00   +0.0000000e+00
  +4.0000000e+02   +4.0500000e+02   +0.0000000e+00   +0.0000000e+00  +0.0000000e+00   +0.0000000e+00   +0.0000000e+00   +0.0000000e+00   +0.0000000e+00   +0.0000000e+00   +0.0000000e+00   +0.0000000e+00   +0.0000000e+00
  +4.0500000e+02   +4.1000000e+02   +0.0000000e+00   +0.0000000e+00  +0.0000000e+00   +0.0000000e+00   +0.0000000e+00   +0.0000000e+00   +0.0000000e+00   +0.0000000e+00   +0.0000000e+00   +0.0000000e+00   +0.0000000e+00
  +4.1000000e+02   +4.1500000e+02   +0.0000000e+00   +0.0000000e+00  +0.0000000e+00   +0.0000000e+00   +0.0000000e+00   +0.0000000e+00   +0.0000000e+00   +0.0000000e+00   +0.0000000e+00   +0.0000000e+00   +0.0000000e+00
  +4.1500000e+02   +4.2000000e+02   +0.0000000e+00   +0.0000000e+00  +0.0000000e+00   +0.0000000e+00   +0.0000000e+00   +0.0000000e+00   +0.0000000e+00   +0.0000000e+00   +0.0000000e+00   +0.0000000e+00   +0.0000000e+00
  +4.2000000e+02   +4.2500000e+02   +0.0000000e+00   +0.0000000e+00  +0.0000000e+00   +0.0000000e+00   +0.0000000e+00   +0.0000000e+00   +0.0000000e+00   +0.0000000e+00   +0.0000000e+00   +0.0000000e+00   +0.0000000e+00
  +4.2500000e+02   +4.3000000e+02   +0.0000000e+00   +0.0000000e+00  +0.0000000e+00   +0.0000000e+00   +0.0000000e+00   +0.0000000e+00   +0.0000000e+00   +0.0000000e+00   +0.0000000e+00   +0.0000000e+00   +0.0000000e+00
  +4.3000000e+02   +4.3500000e+02   +0.0000000e+00   +0.0000000e+00  +0.0000000e+00   +0.0000000e+00   +0.0000000e+00   +0.0000000e+00   +0.0000000e+00   +0.0000000e+00   +0.0000000e+00   +0.0000000e+00   +0.0000000e+00
  +4.3500000e+02   +4.4000000e+02   +0.0000000e+00   +0.0000000e+00  +0.0000000e+00   +0.0000000e+00   +0.0000000e+00   +0.0000000e+00   +0.0000000e+00   +0.0000000e+00   +0.0000000e+00   +0.0000000e+00   +0.0000000e+00
  +4.4000000e+02   +4.4500000e+02   +0.0000000e+00   +0.0000000e+00  +0.0000000e+00   +0.0000000e+00   +0.0000000e+00   +0.0000000e+00   +0.0000000e+00   +0.0000000e+00   +0.0000000e+00   +0.0000000e+00   +0.0000000e+00
  +4.4500000e+02   +4.5000000e+02   +0.0000000e+00   +0.0000000e+00  +0.0000000e+00   +0.0000000e+00   +0.0000000e+00   +0.0000000e+00   +0.0000000e+00   +0.0000000e+00   +0.0000000e+00   +0.0000000e+00   +0.0000000e+00
  +4.5000000e+02   +4.5500000e+02   +0.0000000e+00   +0.0000000e+00  +0.0000000e+00   +0.0000000e+00   +0.0000000e+00   +0.0000000e+00   +0.0000000e+00   +0.0000000e+00   +0.0000000e+00   +0.0000000e+00   +0.0000000e+00
  +4.5500000e+02   +4.6000000e+02   +0.0000000e+00   +0.0000000e+00  +0.0000000e+00   +0.0000000e+00   +0.0000000e+00   +0.0000000e+00   +0.0000000e+00   +0.0000000e+00   +0.0000000e+00   +0.0000000e+00   +0.0000000e+00
  +4.6000000e+02   +4.6500000e+02   +0.0000000e+00   +0.0000000e+00  +0.0000000e+00   +0.0000000e+00   +0.0000000e+00   +0.0000000e+00   +0.0000000e+00   +0.0000000e+00   +0.0000000e+00   +0.0000000e+00   +0.0000000e+00
  +4.6500000e+02   +4.7000000e+02   +0.0000000e+00   +0.0000000e+00  +0.0000000e+00   +0.0000000e+00   +0.0000000e+00   +0.0000000e+00   +0.0000000e+00   +0.0000000e+00   +0.0000000e+00   +0.0000000e+00   +0.0000000e+00
  +4.7000000e+02   +4.7500000e+02   +0.0000000e+00   +0.0000000e+00  +0.0000000e+00   +0.0000000e+00   +0.0000000e+00   +0.0000000e+00   +0.0000000e+00   +0.0000000e+00   +0.0000000e+00   +0.0000000e+00   +0.0000000e+00
  +4.7500000e+02   +4.8000000e+02   +0.0000000e+00   +0.0000000e+00  +0.0000000e+00   +0.0000000e+00   +0.0000000e+00   +0.0000000e+00   +0.0000000e+00   +0.0000000e+00   +0.0000000e+00   +0.0000000e+00   +0.0000000e+00
  +4.8000000e+02   +4.8500000e+02   +0.0000000e+00   +0.0000000e+00  +0.0000000e+00   +0.0000000e+00   +0.0000000e+00   +0.0000000e+00   +0.0000000e+00   +0.0000000e+00   +0.0000000e+00   +0.0000000e+00   +0.0000000e+00
  +4.8500000e+02   +4.9000000e+02   +0.0000000e+00   +0.0000000e+00  +0.0000000e+00   +0.0000000e+00   +0.0000000e+00   +0.0000000e+00   +0.0000000e+00   +0.0000000e+00   +0.0000000e+00   +0.0000000e+00   +0.0000000e+00
  +4.9000000e+02   +4.9500000e+02   +0.0000000e+00   +0.0000000e+00  +0.0000000e+00   +0.0000000e+00   +0.0000000e+00   +0.0000000e+00   +0.0000000e+00   +0.0000000e+00   +0.0000000e+00   +0.0000000e+00   +0.0000000e+00
  +4.9500000e+02   +5.0000000e+02   +0.0000000e+00   +0.0000000e+00  +0.0000000e+00   +0.0000000e+00   +0.0000000e+00   +0.0000000e+00   +0.0000000e+00   +0.0000000e+00   +0.0000000e+00   +0.0000000e+00   +0.0000000e+00
<\histogram>

