##& xmin & xmax & central value & dy & muR= 0.500 muF= 0.500 & muR= 0.500 muF= 1.000 & muR= 0.500 muF= 2.000 & muR= 1.000 muF= 0.500 & muR= 1.000 muF= 1.000 & muR= 1.000 muF= 2.000 & muR= 2.000 muF= 0.500 & muR= 2.000 muF= 1.000 & muR= 2.000 muF= 2.000

<histogram> 100 "log10d01 [] |X_AXIS@LIN |Y_AXIS@LOG |JETSAMPLE@0"
  +0.0000000e+00   +3.0000000e-02   +0.0000000e+00   +0.0000000e+00  +0.0000000e+00   +0.0000000e+00   +0.0000000e+00   +0.0000000e+00   +0.0000000e+00   +0.0000000e+00   +0.0000000e+00   +0.0000000e+00   +0.0000000e+00
  +3.0000000e-02   +6.0000000e-02   +0.0000000e+00   +0.0000000e+00  +0.0000000e+00   +0.0000000e+00   +0.0000000e+00   +0.0000000e+00   +0.0000000e+00   +0.0000000e+00   +0.0000000e+00   +0.0000000e+00   +0.0000000e+00
  +6.0000000e-02   +9.0000000e-02   +0.0000000e+00   +0.0000000e+00  +0.0000000e+00   +0.0000000e+00   +0.0000000e+00   +0.0000000e+00   +0.0000000e+00   +0.0000000e+00   +0.0000000e+00   +0.0000000e+00   +0.0000000e+00
  +9.0000000e-02   +1.2000000e-01   +0.0000000e+00   +0.0000000e+00  +0.0000000e+00   +0.0000000e+00   +0.0000000e+00   +0.0000000e+00   +0.0000000e+00   +0.0000000e+00   +0.0000000e+00   +0.0000000e+00   +0.0000000e+00
  +1.2000000e-01   +1.5000000e-01   +0.0000000e+00   +0.0000000e+00  +0.0000000e+00   +0.0000000e+00   +0.0000000e+00   +0.0000000e+00   +0.0000000e+00   +0.0000000e+00   +0.0000000e+00   +0.0000000e+00   +0.0000000e+00
  +1.5000000e-01   +1.8000000e-01   +0.0000000e+00   +0.0000000e+00  +0.0000000e+00   +0.0000000e+00   +0.0000000e+00   +0.0000000e+00   +0.0000000e+00   +0.0000000e+00   +0.0000000e+00   +0.0000000e+00   +0.0000000e+00
  +1.8000000e-01   +2.1000000e-01   +0.0000000e+00   +0.0000000e+00  +0.0000000e+00   +0.0000000e+00   +0.0000000e+00   +0.0000000e+00   +0.0000000e+00   +0.0000000e+00   +0.0000000e+00   +0.0000000e+00   +0.0000000e+00
  +2.1000000e-01   +2.4000000e-01   +0.0000000e+00   +0.0000000e+00  +0.0000000e+00   +0.0000000e+00   +0.0000000e+00   +0.0000000e+00   +0.0000000e+00   +0.0000000e+00   +0.0000000e+00   +0.0000000e+00   +0.0000000e+00
  +2.4000000e-01   +2.7000000e-01   +0.0000000e+00   +0.0000000e+00  +0.0000000e+00   +0.0000000e+00   +0.0000000e+00   +0.0000000e+00   +0.0000000e+00   +0.0000000e+00   +0.0000000e+00   +0.0000000e+00   +0.0000000e+00
  +2.7000000e-01   +3.0000000e-01   +0.0000000e+00   +0.0000000e+00  +0.0000000e+00   +0.0000000e+00   +0.0000000e+00   +0.0000000e+00   +0.0000000e+00   +0.0000000e+00   +0.0000000e+00   +0.0000000e+00   +0.0000000e+00
  +3.0000000e-01   +3.3000000e-01   +0.0000000e+00   +0.0000000e+00  +0.0000000e+00   +0.0000000e+00   +0.0000000e+00   +0.0000000e+00   +0.0000000e+00   +0.0000000e+00   +0.0000000e+00   +0.0000000e+00   +0.0000000e+00
  +3.3000000e-01   +3.6000000e-01   +0.0000000e+00   +0.0000000e+00  +0.0000000e+00   +0.0000000e+00   +0.0000000e+00   +0.0000000e+00   +0.0000000e+00   +0.0000000e+00   +0.0000000e+00   +0.0000000e+00   +0.0000000e+00
  +3.6000000e-01   +3.9000000e-01   +0.0000000e+00   +0.0000000e+00  +0.0000000e+00   +0.0000000e+00   +0.0000000e+00   +0.0000000e+00   +0.0000000e+00   +0.0000000e+00   +0.0000000e+00   +0.0000000e+00   +0.0000000e+00
  +3.9000000e-01   +4.2000000e-01   +0.0000000e+00   +0.0000000e+00  +0.0000000e+00   +0.0000000e+00   +0.0000000e+00   +0.0000000e+00   +0.0000000e+00   +0.0000000e+00   +0.0000000e+00   +0.0000000e+00   +0.0000000e+00
  +4.2000000e-01   +4.5000000e-01   +0.0000000e+00   +0.0000000e+00  +0.0000000e+00   +0.0000000e+00   +0.0000000e+00   +0.0000000e+00   +0.0000000e+00   +0.0000000e+00   +0.0000000e+00   +0.0000000e+00   +0.0000000e+00
  +4.5000000e-01   +4.8000000e-01   +0.0000000e+00   +0.0000000e+00  +0.0000000e+00   +0.0000000e+00   +0.0000000e+00   +0.0000000e+00   +0.0000000e+00   +0.0000000e+00   +0.0000000e+00   +0.0000000e+00   +0.0000000e+00
  +4.8000000e-01   +5.1000000e-01   +0.0000000e+00   +0.0000000e+00  +0.0000000e+00   +0.0000000e+00   +0.0000000e+00   +0.0000000e+00   +0.0000000e+00   +0.0000000e+00   +0.0000000e+00   +0.0000000e+00   +0.0000000e+00
  +5.1000000e-01   +5.4000000e-01   +0.0000000e+00   +0.0000000e+00  +0.0000000e+00   +0.0000000e+00   +0.0000000e+00   +0.0000000e+00   +0.0000000e+00   +0.0000000e+00   +0.0000000e+00   +0.0000000e+00   +0.0000000e+00
  +5.4000000e-01   +5.7000000e-01   +0.0000000e+00   +0.0000000e+00  +0.0000000e+00   +0.0000000e+00   +0.0000000e+00   +0.0000000e+00   +0.0000000e+00   +0.0000000e+00   +0.0000000e+00   +0.0000000e+00   +0.0000000e+00
  +5.7000000e-01   +6.0000000e-01   +0.0000000e+00   +0.0000000e+00  +0.0000000e+00   +0.0000000e+00   +0.0000000e+00   +0.0000000e+00   +0.0000000e+00   +0.0000000e+00   +0.0000000e+00   +0.0000000e+00   +0.0000000e+00
  +6.0000000e-01   +6.3000000e-01   +0.0000000e+00   +0.0000000e+00  +0.0000000e+00   +0.0000000e+00   +0.0000000e+00   +0.0000000e+00   +0.0000000e+00   +0.0000000e+00   +0.0000000e+00   +0.0000000e+00   +0.0000000e+00
  +6.3000000e-01   +6.6000000e-01   +0.0000000e+00   +0.0000000e+00  +0.0000000e+00   +0.0000000e+00   +0.0000000e+00   +0.0000000e+00   +0.0000000e+00   +0.0000000e+00   +0.0000000e+00   +0.0000000e+00   +0.0000000e+00
  +6.6000000e-01   +6.9000000e-01   +0.0000000e+00   +0.0000000e+00  +0.0000000e+00   +0.0000000e+00   +0.0000000e+00   +0.0000000e+00   +0.0000000e+00   +0.0000000e+00   +0.0000000e+00   +0.0000000e+00   +0.0000000e+00
  +6.9000000e-01   +7.2000000e-01   +0.0000000e+00   +0.0000000e+00  +0.0000000e+00   +0.0000000e+00   +0.0000000e+00   +0.0000000e+00   +0.0000000e+00   +0.0000000e+00   +0.0000000e+00   +0.0000000e+00   +0.0000000e+00
  +7.2000000e-01   +7.5000000e-01   +0.0000000e+00   +0.0000000e+00  +0.0000000e+00   +0.0000000e+00   +0.0000000e+00   +0.0000000e+00   +0.0000000e+00   +0.0000000e+00   +0.0000000e+00   +0.0000000e+00   +0.0000000e+00
  +7.5000000e-01   +7.8000000e-01   +0.0000000e+00   +0.0000000e+00  +0.0000000e+00   +0.0000000e+00   +0.0000000e+00   +0.0000000e+00   +0.0000000e+00   +0.0000000e+00   +0.0000000e+00   +0.0000000e+00   +0.0000000e+00
  +7.8000000e-01   +8.1000000e-01   +0.0000000e+00   +0.0000000e+00  +0.0000000e+00   +0.0000000e+00   +0.0000000e+00   +0.0000000e+00   +0.0000000e+00   +0.0000000e+00   +0.0000000e+00   +0.0000000e+00   +0.0000000e+00
  +8.1000000e-01   +8.4000000e-01   +0.0000000e+00   +0.0000000e+00  +0.0000000e+00   +0.0000000e+00   +0.0000000e+00   +0.0000000e+00   +0.0000000e+00   +0.0000000e+00   +0.0000000e+00   +0.0000000e+00   +0.0000000e+00
  +8.4000000e-01   +8.7000000e-01   +0.0000000e+00   +0.0000000e+00  +0.0000000e+00   +0.0000000e+00   +0.0000000e+00   +0.0000000e+00   +0.0000000e+00   +0.0000000e+00   +0.0000000e+00   +0.0000000e+00   +0.0000000e+00
  +8.7000000e-01   +9.0000000e-01   +0.0000000e+00   +0.0000000e+00  +0.0000000e+00   +0.0000000e+00   +0.0000000e+00   +0.0000000e+00   +0.0000000e+00   +0.0000000e+00   +0.0000000e+00   +0.0000000e+00   +0.0000000e+00
  +9.0000000e-01   +9.3000000e-01   +0.0000000e+00   +0.0000000e+00  +0.0000000e+00   +0.0000000e+00   +0.0000000e+00   +0.0000000e+00   +0.0000000e+00   +0.0000000e+00   +0.0000000e+00   +0.0000000e+00   +0.0000000e+00
  +9.3000000e-01   +9.6000000e-01   +0.0000000e+00   +0.0000000e+00  +0.0000000e+00   +0.0000000e+00   +0.0000000e+00   +0.0000000e+00   +0.0000000e+00   +0.0000000e+00   +0.0000000e+00   +0.0000000e+00   +0.0000000e+00
  +9.6000000e-01   +9.9000000e-01   +0.0000000e+00   +0.0000000e+00  +0.0000000e+00   +0.0000000e+00   +0.0000000e+00   +0.0000000e+00   +0.0000000e+00   +0.0000000e+00   +0.0000000e+00   +0.0000000e+00   +0.0000000e+00
  +9.9000000e-01   +1.0200000e+00   +0.0000000e+00   +0.0000000e+00  +0.0000000e+00   +0.0000000e+00   +0.0000000e+00   +0.0000000e+00   +0.0000000e+00   +0.0000000e+00   +0.0000000e+00   +0.0000000e+00   +0.0000000e+00
  +1.0200000e+00   +1.0500000e+00   +0.0000000e+00   +0.0000000e+00  +0.0000000e+00   +0.0000000e+00   +0.0000000e+00   +0.0000000e+00   +0.0000000e+00   +0.0000000e+00   +0.0000000e+00   +0.0000000e+00   +0.0000000e+00
  +1.0500000e+00   +1.0800000e+00   +0.0000000e+00   +0.0000000e+00  +0.0000000e+00   +0.0000000e+00   +0.0000000e+00   +0.0000000e+00   +0.0000000e+00   +0.0000000e+00   +0.0000000e+00   +0.0000000e+00   +0.0000000e+00
  +1.0800000e+00   +1.1100000e+00   +0.0000000e+00   +0.0000000e+00  +0.0000000e+00   +0.0000000e+00   +0.0000000e+00   +0.0000000e+00   +0.0000000e+00   +0.0000000e+00   +0.0000000e+00   +0.0000000e+00   +0.0000000e+00
  +1.1100000e+00   +1.1400000e+00   +0.0000000e+00   +0.0000000e+00  +0.0000000e+00   +0.0000000e+00   +0.0000000e+00   +0.0000000e+00   +0.0000000e+00   +0.0000000e+00   +0.0000000e+00   +0.0000000e+00   +0.0000000e+00
  +1.1400000e+00   +1.1700000e+00   +0.0000000e+00   +0.0000000e+00  +0.0000000e+00   +0.0000000e+00   +0.0000000e+00   +0.0000000e+00   +0.0000000e+00   +0.0000000e+00   +0.0000000e+00   +0.0000000e+00   +0.0000000e+00
  +1.1700000e+00   +1.2000000e+00   +0.0000000e+00   +0.0000000e+00  +0.0000000e+00   +0.0000000e+00   +0.0000000e+00   +0.0000000e+00   +0.0000000e+00   +0.0000000e+00   +0.0000000e+00   +0.0000000e+00   +0.0000000e+00
  +1.2000000e+00   +1.2300000e+00   +0.0000000e+00   +0.0000000e+00  +0.0000000e+00   +0.0000000e+00   +0.0000000e+00   +0.0000000e+00   +0.0000000e+00   +0.0000000e+00   +0.0000000e+00   +0.0000000e+00   +0.0000000e+00
  +1.2300000e+00   +1.2600000e+00   +0.0000000e+00   +0.0000000e+00  +0.0000000e+00   +0.0000000e+00   +0.0000000e+00   +0.0000000e+00   +0.0000000e+00   +0.0000000e+00   +0.0000000e+00   +0.0000000e+00   +0.0000000e+00
  +1.2600000e+00   +1.2900000e+00   +0.0000000e+00   +0.0000000e+00  +0.0000000e+00   +0.0000000e+00   +0.0000000e+00   +0.0000000e+00   +0.0000000e+00   +0.0000000e+00   +0.0000000e+00   +0.0000000e+00   +0.0000000e+00
  +1.2900000e+00   +1.3200000e+00   +0.0000000e+00   +0.0000000e+00  +0.0000000e+00   +0.0000000e+00   +0.0000000e+00   +0.0000000e+00   +0.0000000e+00   +0.0000000e+00   +0.0000000e+00   +0.0000000e+00   +0.0000000e+00
  +1.3200000e+00   +1.3500000e+00   +0.0000000e+00   +0.0000000e+00  +0.0000000e+00   +0.0000000e+00   +0.0000000e+00   +0.0000000e+00   +0.0000000e+00   +0.0000000e+00   +0.0000000e+00   +0.0000000e+00   +0.0000000e+00
  +1.3500000e+00   +1.3800000e+00   +0.0000000e+00   +0.0000000e+00  +0.0000000e+00   +0.0000000e+00   +0.0000000e+00   +0.0000000e+00   +0.0000000e+00   +0.0000000e+00   +0.0000000e+00   +0.0000000e+00   +0.0000000e+00
  +1.3800000e+00   +1.4100000e+00   +0.0000000e+00   +0.0000000e+00  +0.0000000e+00   +0.0000000e+00   +0.0000000e+00   +0.0000000e+00   +0.0000000e+00   +0.0000000e+00   +0.0000000e+00   +0.0000000e+00   +0.0000000e+00
  +1.4100000e+00   +1.4400000e+00   +1.7908000e-15   +1.7908000e-15  +3.1650000e-15   +6.5963000e-16   +2.2788000e-15   +2.1049000e-15   +1.0037000e-15   +1.5155000e-15   +1.4931000e-15   +1.2703000e-15   +1.0750000e-15
  +1.4400000e+00   +1.4700000e+00   +0.0000000e+00   +0.0000000e+00  +0.0000000e+00   +0.0000000e+00   +0.0000000e+00   +0.0000000e+00   +0.0000000e+00   +0.0000000e+00   +0.0000000e+00   +0.0000000e+00   +0.0000000e+00
  +1.4700000e+00   +1.5000000e+00   +1.7908000e-15   +1.7908000e-15  +2.5954000e-15   +1.5109000e-15   +2.4569000e-15   +1.8387000e-15   +1.6371000e-15   +1.7406000e-15   +1.3389000e-15   +1.3040000e-15   +1.2674000e-15
  +1.5000000e+00   +1.5300000e+00   +5.3723000e-15   +3.1016965e-15  +9.1706000e-15   +2.4017300e-15   +6.9846000e-15   +6.1399000e-15   +3.0246500e-15   +4.6762000e-15   +4.3654000e-15   +3.8195000e-15   +3.3247000e-15
  +1.5300000e+00   +1.5600000e+00   +1.0744500e-14   +4.3864221e-15  +1.8672000e-14   +5.0039000e-15   +1.3586000e-14   +1.2618900e-14   +5.9332000e-15   +9.1960000e-15   +9.0101000e-15   +7.6740000e-15   +6.5704000e-15
  +1.5600000e+00   +1.5900000e+00   +1.6116800e-14   +5.3722659e-15  +2.7139000e-14   +8.4423000e-15   +2.0787900e-14   +1.8397800e-14   +9.6790000e-15   +1.4119600e-14   +1.3156100e-14   +1.1529700e-14   +1.0105600e-14
  +1.5900000e+00   +1.6200000e+00   +1.9698400e-14   +5.9392492e-15  +3.3939800e-14   +9.3025500e-15   +2.5038900e-14   +2.2956700e-14   +1.1788800e-14   +1.6952900e-14   +1.6394300e-14   +1.4070500e-14   +1.2112510e-14
  +1.6200000e+00   +1.6500000e+00   +2.8652100e-14   +7.1629557e-15  +4.8276100e-14   +1.4333400e-14   +3.7046400e-14   +3.2692100e-14   +1.7322800e-14   +2.5124200e-14   +2.3363300e-14   +2.0481600e-14   +1.7965700e-14
  +1.6500000e+00   +1.6800000e+00   +6.6258000e-14   +1.0892758e-14  +1.1354100e-13   +3.1359700e-14   +8.4547000e-14   +7.6839000e-14   +3.9896000e-14   +5.7324000e-14   +5.4905000e-14   +4.7364000e-14   +4.0997000e-14
  +1.6800000e+00   +1.7100000e+00   +7.1631000e-14   +1.1325724e-14  +1.2340000e-13   +3.2306900e-14   +9.1416000e-14   +8.3169000e-14   +4.0316000e-14   +6.1652000e-14   +5.9298000e-14   +5.1077000e-14   +4.3968300e-14
  +1.7100000e+00   +1.7400000e+00   +1.4146900e-13   +1.5916606e-14  +2.4614200e-13   +6.3242000e-14   +1.7872400e-13   +1.6609100e-13   +7.9412000e-14   +1.2067100e-13   +1.1852600e-13   +1.0096900e-13   +8.6139000e-14
  +1.7400000e+00   +1.7700000e+00   +2.2742600e-13   +2.0181093e-14  +3.8946900e-13   +1.0813600e-13   +2.8917600e-13   +2.6413500e-13   +1.3056300e-13   +1.9632100e-13   +1.8889100e-13   +1.6267100e-13   +1.4046000e-13
  +1.7700000e+00   +1.8000000e+00   +3.1517200e-13   +2.3757400e-14  +5.4381000e-13   +1.4209900e-13   +3.9817300e-13   +3.6861600e-13   +1.7885300e-13   +2.7013000e-13   +2.6350100e-13   +2.2533700e-13   +1.9317700e-13
  +1.8000000e+00   +1.8300000e+00   +4.2440800e-13   +2.7568828e-14  +7.3305000e-13   +1.9203500e-13   +5.3694000e-13   +4.9641000e-13   +2.3150900e-13   +3.6388300e-13   +3.5477500e-13   +3.0335900e-13   +2.6015600e-13
  +1.8300000e+00   +1.8600000e+00   +6.0349000e-13   +3.2873872e-14  +1.0362900e-12   +2.8689500e-13   +7.6085000e-13   +7.0531000e-13   +3.3562600e-13   +5.1849000e-13   +5.0523300e-13   +4.3241500e-13   +3.7164000e-13
  +1.8600000e+00   +1.8900000e+00   +7.4315000e-13   +3.6480823e-14  +1.2881100e-12   +3.3440600e-13   +9.3257000e-13   +8.7500000e-13   +3.9522600e-13   +6.3406000e-13   +6.2618000e-13   +5.3193000e-13   +4.5396000e-13
  +1.8900000e+00   +1.9200000e+00   +8.9359000e-13   +4.0002545e-14  +1.5401500e-12   +4.1510800e-13   +1.1210900e-12   +1.0493700e-12   +4.7726000e-13   +7.6443000e-13   +7.5185000e-13   +6.4035000e-13   +5.4793000e-13
  +1.9200000e+00   +1.9500000e+00   +1.0887800e-12   +4.4155227e-14  +1.8813700e-12   +5.0055000e-13   +1.3637900e-12   +1.2814600e-12   +5.7156000e-13   +9.2970000e-13   +9.1806000e-13   +7.8017000e-13   +6.6635000e-13
  +1.9500000e+00   +1.9800000e+00   +1.3412700e-12   +4.9009267e-14  +2.3172800e-12   +6.1167000e-13   +1.6727800e-12   +1.5821000e-12   +6.9199000e-13   +1.1428300e-12   +1.1345600e-12   +9.6201000e-13   +8.1984000e-13
  +1.9800000e+00   +2.0100000e+00   +1.4540900e-12   +5.1029043e-14  +2.5017000e-12   +6.8410000e-13   +1.8107700e-12   +1.7137100e-12   +7.5187000e-13   +1.2415200e-12   +1.2306900e-12   +1.0444600e-12   +8.9200000e-13
  +2.0100000e+00   +2.0400000e+00   +1.6922600e-12   +5.5049080e-14  +2.9256800e-12   +7.7966000e-13   +2.1000000e-12   +2.0033000e-12   +8.5966000e-13   +1.4389700e-12   +1.4382400e-12   +1.2151500e-12   +1.0335100e-12
  +2.0400000e+00   +2.0700000e+00   +1.7638800e-12   +5.6202025e-14  +3.0534700e-12   +8.0371000e-13   +2.1736300e-12   +2.0978100e-12   +8.8345000e-13   +1.4940400e-12   +1.5082500e-12   +1.2683300e-12   +1.0744800e-12
  +2.0700000e+00   +2.1000000e+00   +1.9089500e-12   +5.8467005e-14  +3.2990100e-12   +8.7986000e-13   +2.3538200e-12   +2.2679100e-12   +9.4405000e-13   +1.6191600e-12   +1.6308700e-12   +1.3729500e-12   +1.1647800e-12
  +2.1000000e+00   +2.1300000e+00   +2.0719000e-12   +6.0912125e-14  +3.5798900e-12   +9.6439000e-13   +2.5409000e-12   +2.4692500e-12   +1.0160300e-12   +1.7536900e-12   +1.7783500e-12   +1.4924300e-12   +1.2634800e-12
  +2.1300000e+00   +2.1600000e+00   +1.9966900e-12   +5.9795498e-14  +3.4509200e-12   +9.3093000e-13   +2.4361900e-12   +2.3871500e-12   +9.7313000e-13   +1.6861100e-12   +1.7214000e-12   +1.4400400e-12   +1.2162900e-12
  +2.1600000e+00   +2.1900000e+00   +1.9805700e-12   +5.9553775e-14  +3.4215400e-12   +9.2752000e-13   +2.4101500e-12   +2.3708000e-12   +9.6098000e-13   +1.6708300e-12   +1.7110600e-12   +1.4296400e-12   +1.2063000e-12
  +2.1900000e+00   +2.2200000e+00   +1.8892500e-12   +5.8165344e-14  +3.2674700e-12   +8.7922000e-13   +2.2890300e-12   +2.2683100e-12   +9.0852000e-13   +1.5898400e-12   +1.6384700e-12   +1.3648600e-12   +1.1487700e-12
  +2.2200000e+00   +2.2500000e+00   +1.7746400e-12   +5.6372752e-14  +3.0646500e-12   +8.3357000e-13   +2.1479400e-12   +2.1308100e-12   +8.4667000e-13   +1.4939000e-12   +1.5400700e-12   +1.2827900e-12   +1.0800200e-12
  +2.2500000e+00   +2.2800000e+00   +1.6779400e-12   +5.4815676e-14  +2.9016800e-12   +7.9517000e-13   +2.0211100e-12   +2.0218700e-12   +8.0500000e-13   +1.4090500e-12   +1.4629400e-12   +1.2142900e-12   +1.0199100e-12
  +2.2800000e+00   +2.3100000e+00   +1.5919800e-12   +5.3393343e-14  +2.7559500e-12   +7.5155000e-13   +1.9073500e-12   +1.9254100e-12   +7.5888000e-13   +1.3330200e-12   +1.3951000e-12   +1.1536500e-12   +9.6616000e-13
  +2.3100000e+00   +2.3400000e+00   +1.3359000e-12   +4.8910485e-14  +2.2999000e-12   +6.5210000e-13   +1.5996400e-12   +1.6114000e-12   +6.5056000e-13   +1.1213200e-12   +1.1694100e-12   +9.6964000e-13   +8.1404000e-13
  +2.3400000e+00   +2.3700000e+00   +1.1836800e-12   +4.6039927e-14  +2.0464300e-12   +5.6629000e-13   +1.4099900e-12   +1.4352100e-12   +5.6030000e-13   +9.8924000e-13   +1.0419600e-12   +8.5948000e-13   +7.1843000e-13
  +2.3700000e+00   +2.4000000e+00   +1.0225200e-12   +4.2791331e-14  +1.7704500e-12   +4.8587000e-13   +1.2120800e-12   +1.2440800e-12   +4.8110000e-13   +8.5210000e-13   +9.0430000e-13   +7.4338000e-13   +6.1960000e-13
  +2.4000000e+00   +2.4300000e+00   +9.4552000e-13   +4.1148080e-14  +1.6372600e-12   +4.5218000e-13   +1.1186700e-12   +1.1518700e-12   +4.4289000e-13   +7.8724000e-13   +8.3769000e-13   +6.8772000e-13   +5.7268000e-13
  +2.4300000e+00   +2.4600000e+00   +8.6672000e-13   +3.9396507e-14  +1.5056200e-12   +4.1286200e-13   +1.0182100e-12   +1.0617800e-12   +4.0392400e-13   +7.1836000e-13   +7.7313000e-13   +6.3120000e-13   +5.2324000e-13
  +2.4600000e+00   +2.4900000e+00   +7.3422000e-13   +3.6260563e-14  +1.2694800e-12   +3.6287800e-13   +8.6145000e-13   +8.9758000e-13   +3.4401400e-13   +6.0925000e-13   +6.5474000e-13   +5.3562000e-13   +4.4452000e-13
  +2.4900000e+00   +2.5200000e+00   +6.3393000e-13   +3.3692799e-14  +1.1017200e-12   +3.0143700e-13   +7.3939000e-13   +7.7966000e-13   +2.9503800e-13   +5.2340000e-13   +5.6877000e-13   +4.6250800e-13   +3.8193300e-13
  +2.5200000e+00   +2.5500000e+00   +5.8916000e-13   +3.2481850e-14  +1.0312100e-12   +2.7534300e-13   +6.8405000e-13   +7.2912000e-13   +2.7049100e-13   +4.8368000e-13   +5.3202000e-13   +4.2989600e-13   +3.5295900e-13
  +2.5500000e+00   +2.5800000e+00   +4.9782000e-13   +2.9857569e-14  +8.6392000e-13   +2.4740000e-13   +5.7668000e-13   +6.1425000e-13   +2.3642600e-13   +4.1013900e-13   +4.4958200e-13   +3.6442200e-13   +3.0027600e-13
  +2.5800000e+00   +2.6100000e+00   +4.9604000e-13   +2.9803915e-14  +8.6342000e-13   +2.4209300e-13   +5.7330000e-13   +6.1388000e-13   +2.2922600e-13   +4.0767400e-13   +4.4928700e-13   +3.6307600e-13   +2.9842800e-13
  +2.6100000e+00   +2.6400000e+00   +3.6351600e-13   +2.5514617e-14  +6.2642000e-13   +1.8790500e-13   +4.2148800e-13   +4.4668600e-13   +1.7127600e-13   +3.0060800e-13   +3.2758300e-13   +2.6661700e-13   +2.2049900e-13
  +2.6400000e+00   +2.6700000e+00   +2.8114800e-13   +2.2438238e-14  +4.8841000e-13   +1.3922400e-13   +3.2341900e-13   +3.4832900e-13   +1.2921200e-13   +2.3069800e-13   +2.5547000e-13   +2.0621700e-13   +1.6923100e-13
  +2.6700000e+00   +2.7000000e+00   +2.0235600e-13   +1.9036098e-14  +3.5032000e-13   +1.0358300e-13   +2.3269700e-13   +2.5033900e-13   +9.6349000e-14   +1.6638100e-13   +1.8388400e-13   +1.4867500e-13   +1.2227700e-13
  +2.7000000e+00   +2.7300000e+00   +1.9161100e-13   +1.8523689e-14  +3.3444000e-13   +9.5658000e-14   +2.1824200e-13   +2.3932800e-13   +8.9796000e-14   +1.5620600e-13   +1.7595600e-13   +1.4088400e-13   +1.1486300e-13
  +2.7300000e+00   +2.7600000e+00   +1.6475000e-13   +1.7176313e-14  +2.9017600e-13   +7.9842000e-14   +1.8528200e-13   +2.0819900e-13   +7.5512000e-14   +1.3296700e-13   +1.5334000e-13   +1.2135200e-13   +9.7954000e-14
  +2.7600000e+00   +2.7900000e+00   +1.2535300e-13   +1.4982538e-14  +2.2203600e-13   +5.8060000e-14   +1.4046700e-13   +1.5915900e-13   +5.6247000e-14   +1.0068300e-13   +1.1716100e-13   +9.2275000e-14   +7.4116000e-14
  +2.7900000e+00   +2.8200000e+00   +8.7747000e-14   +1.2535342e-14  +1.5359700e-13   +4.2359200e-14   +9.9380000e-14   +1.1005500e-13   +3.8707500e-14   +7.1162000e-14   +8.1045000e-14   +6.4608000e-14   +5.2388700e-14
  +2.8200000e+00   +2.8500000e+00   +8.2375000e-14   +1.2145536e-14  +1.4628700e-13   +3.8471500e-14   +9.1559000e-14   +1.0517100e-13   +3.5789200e-14   +6.5827100e-14   +7.7604000e-14   +6.0786800e-14   +4.8578700e-14
  +2.8500000e+00   +2.8800000e+00   +5.0141300e-14   +9.4757902e-15  +8.9558900e-14   +2.4526600e-14   +5.4806400e-14   +6.4780800e-14   +2.3158700e-14   +3.9639200e-14   +4.8062100e-14   +3.7200700e-14   +2.9409200e-14
  +2.8800000e+00   +2.9100000e+00   +3.9397000e-14   +8.3993934e-15  +6.8772000e-14   +2.1071300e-14   +4.4032000e-14   +4.9754000e-14   +1.9412200e-14   +3.1870100e-14   +3.6911000e-14   +2.9236100e-14   +2.3657000e-14
  +2.9100000e+00   +2.9400000e+00   +3.4024900e-14   +7.8056571e-15  +6.0255600e-14   +1.8012800e-14   +3.7098200e-14   +4.3826100e-14   +1.5949300e-14   +2.6995400e-14   +3.2650800e-14   +2.5353100e-14   +2.0119300e-14
  +2.9400000e+00   +2.9700000e+00   +3.4024300e-14   +7.8056737e-15  +6.0294300e-14   +1.8495000e-14   +3.6855000e-14   +4.3965000e-14   +1.6697000e-14   +2.6881500e-14   +3.2848300e-14   +2.5422600e-14   +2.0088400e-14
  +2.9700000e+00   +3.0000000e+00   +1.7908100e-14   +5.6628606e-15  +3.0882600e-14   +1.0318240e-14   +2.0263400e-14   +2.2300900e-14   +9.3266300e-15   +1.4641700e-14   +1.6569100e-14   +1.3309100e-14   +1.0885500e-14
<\histogram>
##& xmin & xmax & central value & dy & muR= 0.500 muF= 0.500 & muR= 0.500 muF= 1.000 & muR= 0.500 muF= 2.000 & muR= 1.000 muF= 0.500 & muR= 1.000 muF= 1.000 & muR= 1.000 muF= 2.000 & muR= 2.000 muF= 0.500 & muR= 2.000 muF= 1.000 & muR= 2.000 muF= 2.000

<histogram> 100 "log10d12 [] |X_AXIS@LIN |Y_AXIS@LOG |JETSAMPLE@0"
  +0.0000000e+00   +3.0000000e-02   +0.0000000e+00   +0.0000000e+00  +0.0000000e+00   +0.0000000e+00   +0.0000000e+00   +0.0000000e+00   +0.0000000e+00   +0.0000000e+00   +0.0000000e+00   +0.0000000e+00   +0.0000000e+00
  +3.0000000e-02   +6.0000000e-02   +0.0000000e+00   +0.0000000e+00  +0.0000000e+00   +0.0000000e+00   +0.0000000e+00   +0.0000000e+00   +0.0000000e+00   +0.0000000e+00   +0.0000000e+00   +0.0000000e+00   +0.0000000e+00
  +6.0000000e-02   +9.0000000e-02   +0.0000000e+00   +0.0000000e+00  +0.0000000e+00   +0.0000000e+00   +0.0000000e+00   +0.0000000e+00   +0.0000000e+00   +0.0000000e+00   +0.0000000e+00   +0.0000000e+00   +0.0000000e+00
  +9.0000000e-02   +1.2000000e-01   +0.0000000e+00   +0.0000000e+00  +0.0000000e+00   +0.0000000e+00   +0.0000000e+00   +0.0000000e+00   +0.0000000e+00   +0.0000000e+00   +0.0000000e+00   +0.0000000e+00   +0.0000000e+00
  +1.2000000e-01   +1.5000000e-01   +0.0000000e+00   +0.0000000e+00  +0.0000000e+00   +0.0000000e+00   +0.0000000e+00   +0.0000000e+00   +0.0000000e+00   +0.0000000e+00   +0.0000000e+00   +0.0000000e+00   +0.0000000e+00
  +1.5000000e-01   +1.8000000e-01   +0.0000000e+00   +0.0000000e+00  +0.0000000e+00   +0.0000000e+00   +0.0000000e+00   +0.0000000e+00   +0.0000000e+00   +0.0000000e+00   +0.0000000e+00   +0.0000000e+00   +0.0000000e+00
  +1.8000000e-01   +2.1000000e-01   +0.0000000e+00   +0.0000000e+00  +0.0000000e+00   +0.0000000e+00   +0.0000000e+00   +0.0000000e+00   +0.0000000e+00   +0.0000000e+00   +0.0000000e+00   +0.0000000e+00   +0.0000000e+00
  +2.1000000e-01   +2.4000000e-01   +0.0000000e+00   +0.0000000e+00  +0.0000000e+00   +0.0000000e+00   +0.0000000e+00   +0.0000000e+00   +0.0000000e+00   +0.0000000e+00   +0.0000000e+00   +0.0000000e+00   +0.0000000e+00
  +2.4000000e-01   +2.7000000e-01   +0.0000000e+00   +0.0000000e+00  +0.0000000e+00   +0.0000000e+00   +0.0000000e+00   +0.0000000e+00   +0.0000000e+00   +0.0000000e+00   +0.0000000e+00   +0.0000000e+00   +0.0000000e+00
  +2.7000000e-01   +3.0000000e-01   +0.0000000e+00   +0.0000000e+00  +0.0000000e+00   +0.0000000e+00   +0.0000000e+00   +0.0000000e+00   +0.0000000e+00   +0.0000000e+00   +0.0000000e+00   +0.0000000e+00   +0.0000000e+00
  +3.0000000e-01   +3.3000000e-01   +0.0000000e+00   +0.0000000e+00  +0.0000000e+00   +0.0000000e+00   +0.0000000e+00   +0.0000000e+00   +0.0000000e+00   +0.0000000e+00   +0.0000000e+00   +0.0000000e+00   +0.0000000e+00
  +3.3000000e-01   +3.6000000e-01   +0.0000000e+00   +0.0000000e+00  +0.0000000e+00   +0.0000000e+00   +0.0000000e+00   +0.0000000e+00   +0.0000000e+00   +0.0000000e+00   +0.0000000e+00   +0.0000000e+00   +0.0000000e+00
  +3.6000000e-01   +3.9000000e-01   +0.0000000e+00   +0.0000000e+00  +0.0000000e+00   +0.0000000e+00   +0.0000000e+00   +0.0000000e+00   +0.0000000e+00   +0.0000000e+00   +0.0000000e+00   +0.0000000e+00   +0.0000000e+00
  +3.9000000e-01   +4.2000000e-01   +0.0000000e+00   +0.0000000e+00  +0.0000000e+00   +0.0000000e+00   +0.0000000e+00   +0.0000000e+00   +0.0000000e+00   +0.0000000e+00   +0.0000000e+00   +0.0000000e+00   +0.0000000e+00
  +4.2000000e-01   +4.5000000e-01   +0.0000000e+00   +0.0000000e+00  +0.0000000e+00   +0.0000000e+00   +0.0000000e+00   +0.0000000e+00   +0.0000000e+00   +0.0000000e+00   +0.0000000e+00   +0.0000000e+00   +0.0000000e+00
  +4.5000000e-01   +4.8000000e-01   +0.0000000e+00   +0.0000000e+00  +0.0000000e+00   +0.0000000e+00   +0.0000000e+00   +0.0000000e+00   +0.0000000e+00   +0.0000000e+00   +0.0000000e+00   +0.0000000e+00   +0.0000000e+00
  +4.8000000e-01   +5.1000000e-01   +0.0000000e+00   +0.0000000e+00  +0.0000000e+00   +0.0000000e+00   +0.0000000e+00   +0.0000000e+00   +0.0000000e+00   +0.0000000e+00   +0.0000000e+00   +0.0000000e+00   +0.0000000e+00
  +5.1000000e-01   +5.4000000e-01   +0.0000000e+00   +0.0000000e+00  +0.0000000e+00   +0.0000000e+00   +0.0000000e+00   +0.0000000e+00   +0.0000000e+00   +0.0000000e+00   +0.0000000e+00   +0.0000000e+00   +0.0000000e+00
  +5.4000000e-01   +5.7000000e-01   +0.0000000e+00   +0.0000000e+00  +0.0000000e+00   +0.0000000e+00   +0.0000000e+00   +0.0000000e+00   +0.0000000e+00   +0.0000000e+00   +0.0000000e+00   +0.0000000e+00   +0.0000000e+00
  +5.7000000e-01   +6.0000000e-01   +0.0000000e+00   +0.0000000e+00  +0.0000000e+00   +0.0000000e+00   +0.0000000e+00   +0.0000000e+00   +0.0000000e+00   +0.0000000e+00   +0.0000000e+00   +0.0000000e+00   +0.0000000e+00
  +6.0000000e-01   +6.3000000e-01   +0.0000000e+00   +0.0000000e+00  +0.0000000e+00   +0.0000000e+00   +0.0000000e+00   +0.0000000e+00   +0.0000000e+00   +0.0000000e+00   +0.0000000e+00   +0.0000000e+00   +0.0000000e+00
  +6.3000000e-01   +6.6000000e-01   +0.0000000e+00   +0.0000000e+00  +0.0000000e+00   +0.0000000e+00   +0.0000000e+00   +0.0000000e+00   +0.0000000e+00   +0.0000000e+00   +0.0000000e+00   +0.0000000e+00   +0.0000000e+00
  +6.6000000e-01   +6.9000000e-01   +0.0000000e+00   +0.0000000e+00  +0.0000000e+00   +0.0000000e+00   +0.0000000e+00   +0.0000000e+00   +0.0000000e+00   +0.0000000e+00   +0.0000000e+00   +0.0000000e+00   +0.0000000e+00
  +6.9000000e-01   +7.2000000e-01   +0.0000000e+00   +0.0000000e+00  +0.0000000e+00   +0.0000000e+00   +0.0000000e+00   +0.0000000e+00   +0.0000000e+00   +0.0000000e+00   +0.0000000e+00   +0.0000000e+00   +0.0000000e+00
  +7.2000000e-01   +7.5000000e-01   +0.0000000e+00   +0.0000000e+00  +0.0000000e+00   +0.0000000e+00   +0.0000000e+00   +0.0000000e+00   +0.0000000e+00   +0.0000000e+00   +0.0000000e+00   +0.0000000e+00   +0.0000000e+00
  +7.5000000e-01   +7.8000000e-01   +0.0000000e+00   +0.0000000e+00  +0.0000000e+00   +0.0000000e+00   +0.0000000e+00   +0.0000000e+00   +0.0000000e+00   +0.0000000e+00   +0.0000000e+00   +0.0000000e+00   +0.0000000e+00
  +7.8000000e-01   +8.1000000e-01   +0.0000000e+00   +0.0000000e+00  +0.0000000e+00   +0.0000000e+00   +0.0000000e+00   +0.0000000e+00   +0.0000000e+00   +0.0000000e+00   +0.0000000e+00   +0.0000000e+00   +0.0000000e+00
  +8.1000000e-01   +8.4000000e-01   +0.0000000e+00   +0.0000000e+00  +0.0000000e+00   +0.0000000e+00   +0.0000000e+00   +0.0000000e+00   +0.0000000e+00   +0.0000000e+00   +0.0000000e+00   +0.0000000e+00   +0.0000000e+00
  +8.4000000e-01   +8.7000000e-01   +0.0000000e+00   +0.0000000e+00  +0.0000000e+00   +0.0000000e+00   +0.0000000e+00   +0.0000000e+00   +0.0000000e+00   +0.0000000e+00   +0.0000000e+00   +0.0000000e+00   +0.0000000e+00
  +8.7000000e-01   +9.0000000e-01   +0.0000000e+00   +0.0000000e+00  +0.0000000e+00   +0.0000000e+00   +0.0000000e+00   +0.0000000e+00   +0.0000000e+00   +0.0000000e+00   +0.0000000e+00   +0.0000000e+00   +0.0000000e+00
  +9.0000000e-01   +9.3000000e-01   +0.0000000e+00   +0.0000000e+00  +0.0000000e+00   +0.0000000e+00   +0.0000000e+00   +0.0000000e+00   +0.0000000e+00   +0.0000000e+00   +0.0000000e+00   +0.0000000e+00   +0.0000000e+00
  +9.3000000e-01   +9.6000000e-01   +0.0000000e+00   +0.0000000e+00  +0.0000000e+00   +0.0000000e+00   +0.0000000e+00   +0.0000000e+00   +0.0000000e+00   +0.0000000e+00   +0.0000000e+00   +0.0000000e+00   +0.0000000e+00
  +9.6000000e-01   +9.9000000e-01   +0.0000000e+00   +0.0000000e+00  +0.0000000e+00   +0.0000000e+00   +0.0000000e+00   +0.0000000e+00   +0.0000000e+00   +0.0000000e+00   +0.0000000e+00   +0.0000000e+00   +0.0000000e+00
  +9.9000000e-01   +1.0200000e+00   +0.0000000e+00   +0.0000000e+00  +0.0000000e+00   +0.0000000e+00   +0.0000000e+00   +0.0000000e+00   +0.0000000e+00   +0.0000000e+00   +0.0000000e+00   +0.0000000e+00   +0.0000000e+00
  +1.0200000e+00   +1.0500000e+00   +0.0000000e+00   +0.0000000e+00  +0.0000000e+00   +0.0000000e+00   +0.0000000e+00   +0.0000000e+00   +0.0000000e+00   +0.0000000e+00   +0.0000000e+00   +0.0000000e+00   +0.0000000e+00
  +1.0500000e+00   +1.0800000e+00   +0.0000000e+00   +0.0000000e+00  +0.0000000e+00   +0.0000000e+00   +0.0000000e+00   +0.0000000e+00   +0.0000000e+00   +0.0000000e+00   +0.0000000e+00   +0.0000000e+00   +0.0000000e+00
  +1.0800000e+00   +1.1100000e+00   +0.0000000e+00   +0.0000000e+00  +0.0000000e+00   +0.0000000e+00   +0.0000000e+00   +0.0000000e+00   +0.0000000e+00   +0.0000000e+00   +0.0000000e+00   +0.0000000e+00   +0.0000000e+00
  +1.1100000e+00   +1.1400000e+00   +0.0000000e+00   +0.0000000e+00  +0.0000000e+00   +0.0000000e+00   +0.0000000e+00   +0.0000000e+00   +0.0000000e+00   +0.0000000e+00   +0.0000000e+00   +0.0000000e+00   +0.0000000e+00
  +1.1400000e+00   +1.1700000e+00   +0.0000000e+00   +0.0000000e+00  +0.0000000e+00   +0.0000000e+00   +0.0000000e+00   +0.0000000e+00   +0.0000000e+00   +0.0000000e+00   +0.0000000e+00   +0.0000000e+00   +0.0000000e+00
  +1.1700000e+00   +1.2000000e+00   +0.0000000e+00   +0.0000000e+00  +0.0000000e+00   +0.0000000e+00   +0.0000000e+00   +0.0000000e+00   +0.0000000e+00   +0.0000000e+00   +0.0000000e+00   +0.0000000e+00   +0.0000000e+00
  +1.2000000e+00   +1.2300000e+00   +1.7908000e-15   +1.7908000e-15  +2.6647000e-15   +1.3144000e-15   +2.3755000e-15   +1.8976000e-15   +1.6961000e-15   +1.6916000e-15   +1.3874000e-15   +1.3093000e-15   +1.2368000e-15
  +1.2300000e+00   +1.2600000e+00   +0.0000000e+00   +0.0000000e+00  +0.0000000e+00   +0.0000000e+00   +0.0000000e+00   +0.0000000e+00   +0.0000000e+00   +0.0000000e+00   +0.0000000e+00   +0.0000000e+00   +0.0000000e+00
  +1.2600000e+00   +1.2900000e+00   +1.7908000e-15   +1.7908000e-15  +3.1650000e-15   +6.5963000e-16   +2.2788000e-15   +2.1049000e-15   +1.0037000e-15   +1.5155000e-15   +1.4931000e-15   +1.2703000e-15   +1.0750000e-15
  +1.2900000e+00   +1.3200000e+00   +0.0000000e+00   +0.0000000e+00  +0.0000000e+00   +0.0000000e+00   +0.0000000e+00   +0.0000000e+00   +0.0000000e+00   +0.0000000e+00   +0.0000000e+00   +0.0000000e+00   +0.0000000e+00
  +1.3200000e+00   +1.3500000e+00   +5.3723000e-15   +3.1016965e-15  +9.3770000e-15   +2.1318900e-15   +6.5978000e-15   +6.4164000e-15   +2.9661000e-15   +4.5147000e-15   +4.6061000e-15   +3.8564000e-15   +3.2408000e-15
  +1.3500000e+00   +1.3800000e+00   +3.5816000e-15   +2.5325736e-15  +6.5984000e-15   +1.2336600e-15   +4.2459000e-15   +4.4890000e-15   +1.4442800e-15   +2.8860000e-15   +3.2120000e-15   +2.5622000e-15   +2.0643500e-15
  +1.3800000e+00   +1.4100000e+00   +5.3723000e-15   +3.1017000e-15  +9.4347000e-15   +2.0025000e-15   +6.7795000e-15   +6.3353000e-15   +2.8483000e-15   +4.5541000e-15   +4.5108000e-15   +3.8254000e-15   +3.2431000e-15
  +1.4100000e+00   +1.4400000e+00   +1.0744600e-14   +4.3864662e-15  +1.9010300e-14   +4.3689000e-15   +1.3268000e-14   +1.2909600e-14   +4.9717000e-15   +8.9992000e-15   +9.2306000e-15   +7.6805000e-15   +6.4315000e-15
  +1.4400000e+00   +1.4700000e+00   +1.6116900e-14   +5.3722999e-15  +2.7527100e-14   +8.2700500e-15   +2.0252800e-14   +1.8815800e-14   +9.4525500e-15   +1.3884500e-14   +1.3512200e-14   +1.1582000e-14   +9.9852400e-15
  +1.4700000e+00   +1.5000000e+00   +2.3279900e-14   +6.4566446e-15  +3.9501000e-14   +1.2080500e-14   +2.9463200e-14   +2.7018100e-14   +1.5003400e-14   +2.0190100e-14   +1.9385300e-14   +1.6709600e-14   +1.4498300e-14
  +1.5000000e+00   +1.5300000e+00   +3.5815300e-14   +8.0084884e-15  +6.0112000e-14   +1.8057100e-14   +4.6264400e-14   +4.0764500e-14   +2.1531200e-14   +3.1434400e-14   +2.9161100e-14   +2.5630900e-14   +2.2507200e-14
  +1.5300000e+00   +1.5600000e+00   +6.6258000e-14   +1.0892710e-14  +1.1348100e-13   +3.1765100e-14   +8.4198000e-14   +7.6972100e-14   +3.8095700e-14   +5.7187800e-14   +5.5044300e-14   +4.7396000e-14   +4.0922800e-14
  +1.5600000e+00   +1.5900000e+00   +9.8492000e-14   +1.3280575e-14  +1.7029800e-13   +4.4541100e-14   +1.2443600e-13   +1.1539800e-13   +5.5632900e-14   +8.4327000e-14   +8.2476000e-14   +7.0392000e-14   +6.0272000e-14
  +1.5900000e+00   +1.6200000e+00   +1.5221500e-13   +1.6509994e-14  +2.5842100e-13   +7.6577000e-14   +1.9370500e-13   +1.7596400e-13   +8.6870000e-14   +1.3207600e-13   +1.2605600e-13   +1.0907400e-13   +9.4676000e-14
  +1.6200000e+00   +1.6500000e+00   +2.1130900e-13   +1.9452666e-14  +3.5953100e-13   +1.0276000e-13   +2.6970300e-13   +2.4398700e-13   +1.2128300e-13   +1.8321400e-13   +1.7454800e-13   +1.5120000e-13   +1.3113400e-13
  +1.6500000e+00   +1.6800000e+00   +3.5277600e-13   +2.5134495e-14  +6.0856000e-13   +1.6404900e-13   +4.4324100e-13   +4.1417400e-13   +1.9922700e-13   +3.0195500e-13   +2.9661900e-13   +2.5270900e-13   +2.1636700e-13
  +1.6800000e+00   +1.7100000e+00   +4.9424000e-13   +2.9750723e-14  +8.5256000e-13   +2.3112000e-13   +6.2103000e-13   +5.8011000e-13   +2.7500900e-13   +4.2299700e-13   +4.1541900e-13   +3.5400100e-13   +3.0304800e-13
  +1.7100000e+00   +1.7400000e+00   +6.0885000e-13   +3.3019885e-14  +1.0562000e-12   +2.7298600e-13   +7.6282000e-13   +7.1764000e-13   +3.2808200e-13   +5.1875000e-13   +5.1356000e-13   +4.3580000e-13   +3.7138500e-13
  +1.7400000e+00   +1.7700000e+00   +8.7209000e-13   +3.9518629e-14  +1.5039000e-12   +4.0597500e-13   +1.0955800e-12   +1.0232300e-12   +4.6444000e-13   +7.4594000e-13   +7.3272000e-13   +6.2460000e-13   +5.3436000e-13
  +1.7700000e+00   +1.8000000e+00   +1.1263900e-12   +4.4912174e-14  +1.9522800e-12   +5.0560000e-13   +1.4109800e-12   +1.3274600e-12   +5.9225000e-13   +9.6000000e-13   +9.5027000e-13   +8.0645000e-13   +6.8743000e-13
  +1.8000000e+00   +1.8300000e+00   +1.2786000e-12   +4.7849966e-14  +2.2001800e-12   +6.0094000e-13   +1.5967100e-12   +1.5044800e-12   +6.7115000e-13   +1.0925800e-12   +1.0797100e-12   +9.1775000e-13   +7.8440000e-13
  +1.8300000e+00   +1.8600000e+00   +1.6743400e-12   +5.4757181e-14  +2.8915600e-12   +7.7325000e-13   +2.0826200e-12   +1.9783000e-12   +8.7252000e-13   +1.4259800e-12   +1.4200000e-12   +1.2020500e-12   +1.0239900e-12
  +1.8600000e+00   +1.8900000e+00   +1.7441900e-12   +5.5887095e-14  +3.0095100e-12   +8.1630000e-13   +2.1683000e-12   +2.0604800e-12   +8.9636000e-13   +1.4856800e-12   +1.4793300e-12   +1.2524700e-12   +1.0670800e-12
  +1.8900000e+00   +1.9200000e+00   +1.8964100e-12   +5.8274859e-14  +3.2851600e-12   +8.6252000e-13   +2.3405100e-12   +2.2543200e-12   +9.4710000e-13   +1.6070200e-12   +1.6201200e-12   +1.3630900e-12   +1.1553000e-12
  +1.9200000e+00   +1.9500000e+00   +2.0504100e-12   +6.0594913e-14  +3.5469900e-12   +9.4939000e-13   +2.5260300e-12   +2.4383400e-12   +1.0192600e-12   +1.7375900e-12   +1.7537200e-12   +1.4749600e-12   +1.2502200e-12
  +1.9500000e+00   +1.9800000e+00   +2.2563500e-12   +6.3565788e-14  +3.8933900e-12   +1.0540100e-12   +2.7696100e-12   +2.6859400e-12   +1.1180000e-12   +1.9117000e-12   +1.9346400e-12   +1.6254500e-12   +1.3774200e-12
  +1.9800000e+00   +2.0100000e+00   +2.3047000e-12   +6.4243083e-14  +3.9795900e-12   +1.0738400e-12   +2.8212800e-12   +2.7484500e-12   +1.1227000e-12   +1.9495200e-12   +1.9806900e-12   +1.6611400e-12   +1.4054100e-12
  +2.0100000e+00   +2.0400000e+00   +2.0898100e-12   +6.1174011e-14  +3.6303600e-12   +9.5414000e-13   +2.5333900e-12   +2.5144600e-12   +1.0047900e-12   +1.7554300e-12   +1.8142600e-12   +1.5080600e-12   +1.2669900e-12
  +2.0400000e+00   +2.0700000e+00   +2.1220400e-12   +6.1644084e-14  +3.6656700e-12   +9.9107000e-13   +2.5757700e-12   +2.5438600e-12   +1.0133600e-12   +1.7883000e-12   +1.8371100e-12   +1.5327000e-12   +1.2918700e-12
  +2.0700000e+00   +2.1000000e+00   +2.1059200e-12   +6.1410179e-14  +3.6401100e-12   +9.8783000e-13   +2.5388400e-12   +2.5356000e-12   +9.9734000e-13   +1.7691600e-12   +1.8344400e-12   +1.5237700e-12   +1.2803200e-12
  +2.1000000e+00   +2.1300000e+00   +1.9017700e-12   +5.8357904e-14  +3.2829600e-12   +9.0646000e-13   +2.2820700e-12   +2.2945600e-12   +9.1653000e-13   +1.5957500e-12   +1.6628700e-12   +1.3784300e-12   +1.1568400e-12
  +2.1300000e+00   +2.1600000e+00   +1.6367400e-12   +5.4138754e-14  +2.8300000e-12   +7.7791000e-13   +1.9574100e-12   +1.9801400e-12   +7.7597000e-13   +1.3703100e-12   +1.4359400e-12   +1.1871400e-12   +9.9409000e-13
  +2.1600000e+00   +2.1900000e+00   +1.4075300e-12   +5.0204147e-14  +2.4302700e-12   +6.7503000e-13   +1.6781700e-12   +1.7045100e-12   +6.6890000e-13   +1.1775400e-12   +1.2374100e-12   +1.0219800e-12   +8.5516000e-13
  +2.1900000e+00   +2.2200000e+00   +1.3162000e-12   +4.8548975e-14  +2.2797100e-12   +6.2955000e-13   +1.5562600e-12   +1.6041200e-12   +6.1316000e-13   +1.0953500e-12   +1.1665200e-12   +9.5724000e-13   +7.9672000e-13
  +2.2200000e+00   +2.2500000e+00   +1.1407100e-12   +4.5196337e-14  +1.9775600e-12   +5.4771000e-13   +1.3431400e-12   +1.3941800e-12   +5.3957000e-13   +9.4725000e-13   +1.0151500e-12   +8.3071000e-13   +6.8993000e-13
  +2.2500000e+00   +2.2800000e+00   +8.8642000e-13   +3.9841731e-14  +1.5290200e-12   +4.3856500e-13   +1.0450300e-12   +1.0797800e-12   +4.2350900e-13   +7.3820000e-13   +7.8711000e-13   +6.4626000e-13   +5.3828000e-13
  +2.2800000e+00   +2.3100000e+00   +8.0404000e-13   +3.7945597e-14  +1.3968600e-12   +3.8362600e-13   +9.3826000e-13   +9.8859000e-13   +3.7460100e-13   +6.6414000e-13   +7.2145000e-13   +5.8684000e-13   +4.8478000e-13
  +2.3100000e+00   +2.3400000e+00   +6.3393000e-13   +3.3693051e-14  +1.0998700e-12   +3.0855000e-13   +7.4011000e-13   +7.7865000e-13   +2.9407200e-13   +5.2406000e-13   +5.6842000e-13   +4.6281000e-13   +3.8264400e-13
  +2.3400000e+00   +2.3700000e+00   +5.3185000e-13   +3.0861894e-14  +9.2185000e-13   +2.6365900e-13   +6.1772000e-13   +6.5473000e-13   +2.4773600e-13   +4.3878000e-13   +4.7899000e-13   +3.8910600e-13   +3.2105000e-13
  +2.3700000e+00   +2.4000000e+00   +3.4740600e-13   +2.4942531e-14  +6.0380000e-13   +1.7183800e-13   +4.0108500e-13   +4.2981500e-13   +1.5907600e-13   +2.8558600e-13   +3.1473500e-13   +2.5441700e-13   +2.0917100e-13
  +2.4000000e+00   +2.4300000e+00   +2.8652100e-13   +2.2651214e-14  +5.0077000e-13   +1.3529900e-13   +3.2901300e-13   +3.5652400e-13   +1.3107300e-13   +2.3428000e-13   +2.6117000e-13   +2.0990200e-13   +1.7165100e-13
  +2.4300000e+00   +2.4600000e+00   +2.7040400e-13   +2.2004902e-14  +4.6761000e-13   +1.3840800e-13   +3.1135300e-13   +3.3412400e-13   +1.2832200e-13   +2.2258100e-13   +2.4535300e-13   +1.9860200e-13   +1.6351200e-13
  +2.4600000e+00   +2.4900000e+00   +2.4533400e-13   +2.0959771e-14  +4.2705500e-13   +1.2411200e-13   +2.7949800e-13   +3.0596400e-13   +1.1831700e-13   +2.0030200e-13   +2.2520600e-13   +1.8060200e-13   +1.4747500e-13
  +2.4900000e+00   +2.5200000e+00   +1.5221300e-13   +1.6509945e-14  +2.6690100e-13   +7.5033000e-14   +1.7295400e-13   +1.9084900e-13   +6.9063000e-14   +1.2369900e-13   +1.4027300e-13   +1.1188700e-13   +9.0936000e-14
  +2.5200000e+00   +2.5500000e+00   +1.5937700e-13   +1.6893884e-14  +2.8142900e-13   +7.4730000e-14   +1.7956700e-13   +2.0144400e-13   +6.8648000e-14   +1.2847200e-13   +1.4810400e-13   +1.1715700e-13   +9.4426000e-14
  +2.5500000e+00   +2.5800000e+00   +1.0028200e-13   +1.3400798e-14  +1.7373200e-13   +5.2044000e-14   +1.1443500e-13   +1.2461600e-13   +4.6964000e-14   +8.2119000e-14   +9.1767000e-14   +7.3864000e-14   +6.0497000e-14
  +2.5800000e+00   +2.6100000e+00   +9.3119000e-14   +1.2913267e-14  +1.6385800e-13   +4.6538300e-14   +1.0462400e-13   +1.1768300e-13   +4.2728800e-14   +7.5151000e-14   +8.6773000e-14   +6.8664000e-14   +5.5418000e-14
  +2.6100000e+00   +2.6400000e+00   +6.0887000e-14   +1.0441846e-14  +1.0791800e-13   +2.8455500e-14   +6.8029000e-14   +7.7452000e-14   +2.7475100e-14   +4.8865100e-14   +5.7090000e-14   +4.4892000e-14   +3.6040100e-14
  +2.6400000e+00   +2.6700000e+00   +6.2677000e-14   +1.0594209e-14  +1.1065800e-13   +3.0412800e-14   +6.9707000e-14   +7.9782000e-14   +2.8580200e-14   +5.0292400e-14   +5.9002600e-14   +4.6366500e-14   +3.7217200e-14
  +2.6700000e+00   +2.7000000e+00   +3.0442800e-14   +7.3834244e-15  +5.3709000e-14   +1.5002300e-14   +3.3896400e-14   +3.8673900e-14   +1.4769500e-14   +2.4412300e-14   +2.8559600e-14   +2.2483900e-14   +1.8030400e-14
  +2.7000000e+00   +2.7300000e+00   +4.2977900e-14   +8.7728594e-15  +7.5296600e-14   +2.2342700e-14   +4.8069000e-14   +5.4305400e-14   +2.0473400e-14   +3.4675300e-14   +4.0207000e-14   +3.1823300e-14   +2.5679700e-14
  +2.7300000e+00   +2.7600000e+00   +1.6116900e-14   +5.3722551e-15  +2.8172000e-14   +8.8406700e-15   +1.8001200e-14   +2.0355300e-14   +7.4646900e-15   +1.3002600e-14   +1.5073300e-14   +1.1932600e-14   +9.6258000e-15
  +2.7600000e+00   +2.7900000e+00   +2.8652500e-14   +7.1629844e-15  +5.0793800e-14   +1.4263400e-14   +3.1270300e-14   +3.6894700e-14   +1.3437900e-14   +2.2712900e-14   +2.7444900e-14   +2.1313300e-14   +1.6895500e-14
  +2.7900000e+00   +2.8200000e+00   +8.9539000e-15   +4.0043067e-15  +1.6471600e-14   +3.7895700e-15   +9.4710000e-15   +1.1955400e-14   +3.7259000e-15   +6.8700000e-15   +8.8875000e-15   +6.6542000e-15   +5.1042000e-15
  +2.8200000e+00   +2.8500000e+00   +1.6116800e-14   +5.3722632e-15  +2.8704700e-14   +7.8067000e-15   +1.7716400e-14   +2.0710300e-14   +7.2193000e-15   +1.2776800e-14   +1.5338900e-14   +1.1934800e-14   +9.4601000e-15
  +2.8500000e+00   +2.8800000e+00   +8.9539000e-15   +4.0043040e-15  +1.5881200e-14   +4.9428700e-15   +9.6253000e-15   +1.1640800e-14   +4.6646600e-15   +7.0696000e-15   +8.7277000e-15   +6.7193000e-15   +5.3098200e-15
  +2.8800000e+00   +2.9100000e+00   +3.5816000e-15   +2.5325736e-15  +6.5738000e-15   +2.0604900e-15   +3.9083000e-15   +4.6955000e-15   +1.8687400e-15   +2.7865000e-15   +3.4798000e-15   +2.6524000e-15   +2.0626000e-15
  +2.9100000e+00   +2.9400000e+00   +3.5816000e-15   +2.5325736e-15  +6.5581000e-15   +1.7812600e-15   +3.7415000e-15   +4.8064000e-15   +1.6556900e-15   +2.7398000e-15   +3.6028000e-15   +2.6835000e-15   +2.0521300e-15
  +2.9400000e+00   +2.9700000e+00   +3.5815000e-15   +2.5325000e-15  +6.2602000e-15   +1.9712000e-15   +3.9682000e-15   +4.5393000e-15   +1.7849000e-15   +2.8764000e-15   +3.3713000e-15   +2.6596000e-15   +2.1357000e-15
  +2.9700000e+00   +3.0000000e+00   +1.7908000e-15   +1.7908000e-15  +3.1402000e-15   +1.0512000e-15   +1.9702000e-15   +2.2820000e-15   +8.8816000e-16   +1.4318000e-15   +1.6979000e-15   +1.3324000e-15   +1.0653000e-15
<\histogram>


##& xmin & xmax & central value & dy & muR= 0.500 muF= 0.500 & muR= 0.500 muF= 1.000 & muR= 0.500 muF= 2.000 & muR= 1.000 muF= 0.500 & muR= 1.000 muF= 1.000 & muR= 1.000 muF= 2.000 & muR= 2.000 muF= 0.500 & muR= 2.000 muF= 1.000 & muR= 2.000 muF= 2.000

<histogram> 100 "log10d23 [] |X_AXIS@LIN |Y_AXIS@LOG |JETSAMPLE@0"
  +0.0000000e+00   +3.0000000e-02   +0.0000000e+00   +0.0000000e+00  +0.0000000e+00   +0.0000000e+00   +0.0000000e+00   +0.0000000e+00   +0.0000000e+00   +0.0000000e+00   +0.0000000e+00   +0.0000000e+00   +0.0000000e+00
  +3.0000000e-02   +6.0000000e-02   +0.0000000e+00   +0.0000000e+00  +0.0000000e+00   +0.0000000e+00   +0.0000000e+00   +0.0000000e+00   +0.0000000e+00   +0.0000000e+00   +0.0000000e+00   +0.0000000e+00   +0.0000000e+00
  +6.0000000e-02   +9.0000000e-02   +0.0000000e+00   +0.0000000e+00  +0.0000000e+00   +0.0000000e+00   +0.0000000e+00   +0.0000000e+00   +0.0000000e+00   +0.0000000e+00   +0.0000000e+00   +0.0000000e+00   +0.0000000e+00
  +9.0000000e-02   +1.2000000e-01   +0.0000000e+00   +0.0000000e+00  +0.0000000e+00   +0.0000000e+00   +0.0000000e+00   +0.0000000e+00   +0.0000000e+00   +0.0000000e+00   +0.0000000e+00   +0.0000000e+00   +0.0000000e+00
  +1.2000000e-01   +1.5000000e-01   +0.0000000e+00   +0.0000000e+00  +0.0000000e+00   +0.0000000e+00   +0.0000000e+00   +0.0000000e+00   +0.0000000e+00   +0.0000000e+00   +0.0000000e+00   +0.0000000e+00   +0.0000000e+00
  +1.5000000e-01   +1.8000000e-01   +0.0000000e+00   +0.0000000e+00  +0.0000000e+00   +0.0000000e+00   +0.0000000e+00   +0.0000000e+00   +0.0000000e+00   +0.0000000e+00   +0.0000000e+00   +0.0000000e+00   +0.0000000e+00
  +1.8000000e-01   +2.1000000e-01   +0.0000000e+00   +0.0000000e+00  +0.0000000e+00   +0.0000000e+00   +0.0000000e+00   +0.0000000e+00   +0.0000000e+00   +0.0000000e+00   +0.0000000e+00   +0.0000000e+00   +0.0000000e+00
  +2.1000000e-01   +2.4000000e-01   +0.0000000e+00   +0.0000000e+00  +0.0000000e+00   +0.0000000e+00   +0.0000000e+00   +0.0000000e+00   +0.0000000e+00   +0.0000000e+00   +0.0000000e+00   +0.0000000e+00   +0.0000000e+00
  +2.4000000e-01   +2.7000000e-01   +0.0000000e+00   +0.0000000e+00  +0.0000000e+00   +0.0000000e+00   +0.0000000e+00   +0.0000000e+00   +0.0000000e+00   +0.0000000e+00   +0.0000000e+00   +0.0000000e+00   +0.0000000e+00
  +2.7000000e-01   +3.0000000e-01   +0.0000000e+00   +0.0000000e+00  +0.0000000e+00   +0.0000000e+00   +0.0000000e+00   +0.0000000e+00   +0.0000000e+00   +0.0000000e+00   +0.0000000e+00   +0.0000000e+00   +0.0000000e+00
  +3.0000000e-01   +3.3000000e-01   +0.0000000e+00   +0.0000000e+00  +0.0000000e+00   +0.0000000e+00   +0.0000000e+00   +0.0000000e+00   +0.0000000e+00   +0.0000000e+00   +0.0000000e+00   +0.0000000e+00   +0.0000000e+00
  +3.3000000e-01   +3.6000000e-01   +0.0000000e+00   +0.0000000e+00  +0.0000000e+00   +0.0000000e+00   +0.0000000e+00   +0.0000000e+00   +0.0000000e+00   +0.0000000e+00   +0.0000000e+00   +0.0000000e+00   +0.0000000e+00
  +3.6000000e-01   +3.9000000e-01   +0.0000000e+00   +0.0000000e+00  +0.0000000e+00   +0.0000000e+00   +0.0000000e+00   +0.0000000e+00   +0.0000000e+00   +0.0000000e+00   +0.0000000e+00   +0.0000000e+00   +0.0000000e+00
  +3.9000000e-01   +4.2000000e-01   +0.0000000e+00   +0.0000000e+00  +0.0000000e+00   +0.0000000e+00   +0.0000000e+00   +0.0000000e+00   +0.0000000e+00   +0.0000000e+00   +0.0000000e+00   +0.0000000e+00   +0.0000000e+00
  +4.2000000e-01   +4.5000000e-01   +0.0000000e+00   +0.0000000e+00  +0.0000000e+00   +0.0000000e+00   +0.0000000e+00   +0.0000000e+00   +0.0000000e+00   +0.0000000e+00   +0.0000000e+00   +0.0000000e+00   +0.0000000e+00
  +4.5000000e-01   +4.8000000e-01   +0.0000000e+00   +0.0000000e+00  +0.0000000e+00   +0.0000000e+00   +0.0000000e+00   +0.0000000e+00   +0.0000000e+00   +0.0000000e+00   +0.0000000e+00   +0.0000000e+00   +0.0000000e+00
  +4.8000000e-01   +5.1000000e-01   +0.0000000e+00   +0.0000000e+00  +0.0000000e+00   +0.0000000e+00   +0.0000000e+00   +0.0000000e+00   +0.0000000e+00   +0.0000000e+00   +0.0000000e+00   +0.0000000e+00   +0.0000000e+00
  +5.1000000e-01   +5.4000000e-01   +0.0000000e+00   +0.0000000e+00  +0.0000000e+00   +0.0000000e+00   +0.0000000e+00   +0.0000000e+00   +0.0000000e+00   +0.0000000e+00   +0.0000000e+00   +0.0000000e+00   +0.0000000e+00
  +5.4000000e-01   +5.7000000e-01   +0.0000000e+00   +0.0000000e+00  +0.0000000e+00   +0.0000000e+00   +0.0000000e+00   +0.0000000e+00   +0.0000000e+00   +0.0000000e+00   +0.0000000e+00   +0.0000000e+00   +0.0000000e+00
  +5.7000000e-01   +6.0000000e-01   +0.0000000e+00   +0.0000000e+00  +0.0000000e+00   +0.0000000e+00   +0.0000000e+00   +0.0000000e+00   +0.0000000e+00   +0.0000000e+00   +0.0000000e+00   +0.0000000e+00   +0.0000000e+00
  +6.0000000e-01   +6.3000000e-01   +0.0000000e+00   +0.0000000e+00  +0.0000000e+00   +0.0000000e+00   +0.0000000e+00   +0.0000000e+00   +0.0000000e+00   +0.0000000e+00   +0.0000000e+00   +0.0000000e+00   +0.0000000e+00
  +6.3000000e-01   +6.6000000e-01   +0.0000000e+00   +0.0000000e+00  +0.0000000e+00   +0.0000000e+00   +0.0000000e+00   +0.0000000e+00   +0.0000000e+00   +0.0000000e+00   +0.0000000e+00   +0.0000000e+00   +0.0000000e+00
  +6.6000000e-01   +6.9000000e-01   +0.0000000e+00   +0.0000000e+00  +0.0000000e+00   +0.0000000e+00   +0.0000000e+00   +0.0000000e+00   +0.0000000e+00   +0.0000000e+00   +0.0000000e+00   +0.0000000e+00   +0.0000000e+00
  +6.9000000e-01   +7.2000000e-01   +0.0000000e+00   +0.0000000e+00  +0.0000000e+00   +0.0000000e+00   +0.0000000e+00   +0.0000000e+00   +0.0000000e+00   +0.0000000e+00   +0.0000000e+00   +0.0000000e+00   +0.0000000e+00
  +7.2000000e-01   +7.5000000e-01   +0.0000000e+00   +0.0000000e+00  +0.0000000e+00   +0.0000000e+00   +0.0000000e+00   +0.0000000e+00   +0.0000000e+00   +0.0000000e+00   +0.0000000e+00   +0.0000000e+00   +0.0000000e+00
  +7.5000000e-01   +7.8000000e-01   +0.0000000e+00   +0.0000000e+00  +0.0000000e+00   +0.0000000e+00   +0.0000000e+00   +0.0000000e+00   +0.0000000e+00   +0.0000000e+00   +0.0000000e+00   +0.0000000e+00   +0.0000000e+00
  +7.8000000e-01   +8.1000000e-01   +0.0000000e+00   +0.0000000e+00  +0.0000000e+00   +0.0000000e+00   +0.0000000e+00   +0.0000000e+00   +0.0000000e+00   +0.0000000e+00   +0.0000000e+00   +0.0000000e+00   +0.0000000e+00
  +8.1000000e-01   +8.4000000e-01   +0.0000000e+00   +0.0000000e+00  +0.0000000e+00   +0.0000000e+00   +0.0000000e+00   +0.0000000e+00   +0.0000000e+00   +0.0000000e+00   +0.0000000e+00   +0.0000000e+00   +0.0000000e+00
  +8.4000000e-01   +8.7000000e-01   +0.0000000e+00   +0.0000000e+00  +0.0000000e+00   +0.0000000e+00   +0.0000000e+00   +0.0000000e+00   +0.0000000e+00   +0.0000000e+00   +0.0000000e+00   +0.0000000e+00   +0.0000000e+00
  +8.7000000e-01   +9.0000000e-01   +0.0000000e+00   +0.0000000e+00  +0.0000000e+00   +0.0000000e+00   +0.0000000e+00   +0.0000000e+00   +0.0000000e+00   +0.0000000e+00   +0.0000000e+00   +0.0000000e+00   +0.0000000e+00
  +9.0000000e-01   +9.3000000e-01   +0.0000000e+00   +0.0000000e+00  +0.0000000e+00   +0.0000000e+00   +0.0000000e+00   +0.0000000e+00   +0.0000000e+00   +0.0000000e+00   +0.0000000e+00   +0.0000000e+00   +0.0000000e+00
  +9.3000000e-01   +9.6000000e-01   +0.0000000e+00   +0.0000000e+00  +0.0000000e+00   +0.0000000e+00   +0.0000000e+00   +0.0000000e+00   +0.0000000e+00   +0.0000000e+00   +0.0000000e+00   +0.0000000e+00   +0.0000000e+00
  +9.6000000e-01   +9.9000000e-01   +0.0000000e+00   +0.0000000e+00  +0.0000000e+00   +0.0000000e+00   +0.0000000e+00   +0.0000000e+00   +0.0000000e+00   +0.0000000e+00   +0.0000000e+00   +0.0000000e+00   +0.0000000e+00
  +9.9000000e-01   +1.0200000e+00   +0.0000000e+00   +0.0000000e+00  +0.0000000e+00   +0.0000000e+00   +0.0000000e+00   +0.0000000e+00   +0.0000000e+00   +0.0000000e+00   +0.0000000e+00   +0.0000000e+00   +0.0000000e+00
  +1.0200000e+00   +1.0500000e+00   +0.0000000e+00   +0.0000000e+00  +0.0000000e+00   +0.0000000e+00   +0.0000000e+00   +0.0000000e+00   +0.0000000e+00   +0.0000000e+00   +0.0000000e+00   +0.0000000e+00   +0.0000000e+00
  +1.0500000e+00   +1.0800000e+00   +0.0000000e+00   +0.0000000e+00  +0.0000000e+00   +0.0000000e+00   +0.0000000e+00   +0.0000000e+00   +0.0000000e+00   +0.0000000e+00   +0.0000000e+00   +0.0000000e+00   +0.0000000e+00
  +1.0800000e+00   +1.1100000e+00   +0.0000000e+00   +0.0000000e+00  +0.0000000e+00   +0.0000000e+00   +0.0000000e+00   +0.0000000e+00   +0.0000000e+00   +0.0000000e+00   +0.0000000e+00   +0.0000000e+00   +0.0000000e+00
  +1.1100000e+00   +1.1400000e+00   +0.0000000e+00   +0.0000000e+00  +0.0000000e+00   +0.0000000e+00   +0.0000000e+00   +0.0000000e+00   +0.0000000e+00   +0.0000000e+00   +0.0000000e+00   +0.0000000e+00   +0.0000000e+00
  +1.1400000e+00   +1.1700000e+00   +1.7908000e-15   +1.7908000e-15  +3.4009000e-15   +5.6001000e-16   +2.0757000e-15   +2.3079000e-15   +6.7176000e-16   +1.4086000e-15   +1.6495000e-15   +1.2799000e-15   +1.0068000e-15
  +1.1700000e+00   +1.2000000e+00   +3.5816000e-15   +2.5325736e-15  +5.8010000e-15   +1.9903100e-15   +4.4603000e-15   +4.1088000e-15   +2.9623000e-15   +3.1615000e-15   +2.9930000e-15   +2.6095000e-15   +2.3040000e-15
  +1.2000000e+00   +1.2300000e+00   +8.9538000e-15   +4.0042574e-15  +1.5858000e-14   +3.8337800e-15   +1.0828700e-14   +1.0877500e-14   +4.9408100e-15   +7.4350000e-15   +7.8185000e-15   +6.4370000e-15   +5.3463100e-15
  +1.2300000e+00   +1.2600000e+00   +5.3723000e-15   +3.1016965e-15  +9.3768000e-15   +2.2327400e-15   +6.5857000e-15   +6.4430000e-15   +2.6016200e-15   +4.5217000e-15   +4.6276000e-15   +3.8579000e-15   +3.2467000e-15
  +1.2600000e+00   +1.2900000e+00   +7.1631000e-15   +3.5815479e-15  +1.2545700e-14   +3.3533600e-15   +9.0613000e-15   +8.4374000e-15   +3.5679000e-15   +6.0894000e-15   +6.0096000e-15   +5.1010000e-15   +4.3359000e-15
  +1.2900000e+00   +1.3200000e+00   +8.9539000e-15   +4.0043067e-15  +1.6102400e-14   +3.4882200e-15   +1.0571300e-14   +1.1128100e-14   +4.3095700e-15   +7.3105000e-15   +8.0250000e-15   +6.4584000e-15   +5.2741600e-15
  +1.3200000e+00   +1.3500000e+00   +1.2535400e-14   +4.7379350e-15  +2.1943100e-14   +5.2569800e-15   +1.5468200e-14   +1.4968800e-14   +6.3051600e-15   +1.0547300e-14   +1.0723000e-14   +8.9787000e-15   +7.5543000e-15
  +1.3500000e+00   +1.3800000e+00   +2.3279800e-14   +6.4566146e-15  +3.9830200e-14   +1.1360500e-14   +2.9030300e-14   +2.7341800e-14   +1.3075800e-14   +1.9934400e-14   +1.9640400e-14   +1.6723600e-14   +1.4321900e-14
  +1.3800000e+00   +1.4100000e+00   +4.2978800e-14   +8.7728173e-15  +7.1629000e-14   +2.3139800e-14   +5.4684000e-14   +4.9234000e-14   +2.5762000e-14   +3.7666000e-14   +3.5438400e-14   +3.0951600e-14   +2.7141000e-14
  +1.4100000e+00   +1.4400000e+00   +7.1630000e-14   +1.1325738e-14  +1.2336500e-13   +3.3415800e-14   +8.9508000e-14   +8.4271000e-14   +3.7759200e-14   +6.1179000e-14   +6.0450000e-14   +5.1388700e-14   +4.3898200e-14
  +1.4400000e+00   +1.4700000e+00   +1.0386400e-13   +1.3637922e-14  +1.7768300e-13   +5.1088000e-14   +1.3070600e-13   +1.2139000e-13   +6.0297000e-14   +8.9297000e-14   +8.7098000e-14   +7.4518000e-14   +6.4069000e-14
  +1.4700000e+00   +1.5000000e+00   +1.4684200e-13   +1.6215936e-14  +2.5143200e-13   +7.0553000e-14   +1.8558700e-13   +1.7108300e-13   +8.2184000e-14   +1.2639500e-13   +1.2249200e-13   +1.0515700e-13   +9.0535000e-14
  +1.5000000e+00   +1.5300000e+00   +1.9161100e-13   +1.8523683e-14  +3.2255800e-13   +9.8718000e-14   +2.4518600e-13   +2.1985500e-13   +1.1450800e-13   +1.6738800e-13   +1.5761200e-13   +1.3741200e-13   +1.2009200e-13
  +1.5300000e+00   +1.5600000e+00   +3.0084600e-13   +2.3211546e-14  +5.1317000e-13   +1.4954600e-13   +3.7927700e-13   +3.5054200e-13   +1.6909700e-13   +2.5934300e-13   +2.5148500e-13   +2.1588200e-13   +1.8615600e-13
  +1.5600000e+00   +1.5900000e+00   +3.8501400e-13   +2.6257956e-14  +6.6438000e-13   +1.7997900e-13   +4.8222000e-13   +4.5284000e-13   +2.1123800e-13   +3.2891700e-13   +3.2453500e-13   +2.7596300e-13   +2.3580700e-13
  +1.5900000e+00   +1.6200000e+00   +5.7125000e-13   +3.1983703e-14  +9.8753000e-13   +2.6241700e-13   +7.1413000e-13   +6.7310000e-13   +3.0719100e-13   +4.8706000e-13   +4.8239000e-13   +4.0946300e-13   +3.4918800e-13
  +1.6200000e+00   +1.6500000e+00   +7.4496000e-13   +3.6525004e-14  +1.2938300e-12   +3.3163200e-13   +9.3061000e-13   +8.8031000e-13   +3.9198600e-13   +6.3364000e-13   +6.3037000e-13   +5.3352000e-13   +4.5389100e-13
  +1.6500000e+00   +1.6800000e+00   +1.0458000e-12   +4.3275599e-14  +1.7981000e-12   +4.9256000e-13   +1.3122400e-12   +1.2262800e-12   +5.6241000e-13   +8.9561000e-13   +8.7912000e-13   +7.4987000e-13   +6.4232000e-13
  +1.6800000e+00   +1.7100000e+00   +1.2660600e-12   +4.7615508e-14  +2.1904200e-12   +5.8474000e-13   +1.5769100e-12   +1.4959100e-12   +6.6552000e-13   +1.0776700e-12   +1.0729100e-12   +9.0820000e-13   +7.7323000e-13
  +1.7100000e+00   +1.7400000e+00   +1.4630400e-12   +5.1185532e-14  +2.5253500e-12   +6.7509000e-13   +1.8191200e-12   +1.7283400e-12   +7.6478000e-13   +1.2458200e-12   +1.2408300e-12   +1.0505200e-12   +8.9474000e-13
  +1.7400000e+00   +1.7700000e+00   +1.8212000e-12   +5.7107608e-14  +3.1445300e-12   +8.4731000e-13   +2.2618100e-12   +2.1534900e-12   +9.3988000e-13   +1.5500200e-12   +1.5464300e-12   +1.3080000e-12   +1.1134800e-12
  +1.7700000e+00   +1.8000000e+00   +1.9787800e-12   +5.9527071e-14  +3.4086100e-12   +9.2677000e-13   +2.4515700e-12   +2.3406300e-12   +1.0113200e-12   +1.6844600e-12   +1.6828400e-12   +1.4228900e-12   +1.2115200e-12
  +1.8000000e+00   +1.8300000e+00   +2.1506900e-12   +6.2059113e-14  +3.7136300e-12   +1.0025200e-12   +2.6476400e-12   +2.5563300e-12   +1.0799000e-12   +1.8236700e-12   +1.8397300e-12   +1.5480500e-12   +1.3129200e-12
  +1.8300000e+00   +1.8600000e+00   +2.2527700e-12   +6.3515141e-14  +3.8986300e-12   +1.0393400e-12   +2.7687200e-12   +2.6836000e-12   +1.1158600e-12   +1.9068300e-12   +1.9312200e-12   +1.6213900e-12   +1.3726700e-12
  +1.8600000e+00   +1.8900000e+00   +2.2921600e-12   +6.4068175e-14  +3.9598100e-12   +1.0713000e-12   +2.8084300e-12   +2.7329700e-12   +1.1317600e-12   +1.9393100e-12   +1.9691100e-12   +1.6517500e-12   +1.3977500e-12
  +1.8900000e+00   +1.9200000e+00   +2.2724700e-12   +6.3792053e-14  +3.9408900e-12   +1.0444500e-12   +2.7626600e-12   +2.7270200e-12   +1.1010100e-12   +1.9124700e-12   +1.9672100e-12   +1.6395000e-12   +1.3800200e-12
  +1.9200000e+00   +1.9500000e+00   +2.2581400e-12   +6.3590132e-14  +3.9007300e-12   +1.0612600e-12   +2.7392500e-12   +2.7082200e-12   +1.0902600e-12   +1.9026800e-12   +1.9564500e-12   +1.6315200e-12   +1.3749600e-12
  +1.9500000e+00   +1.9800000e+00   +2.1721800e-12   +6.2368474e-14  +3.7614800e-12   +1.0035200e-12   +2.6217100e-12   +2.6155100e-12   +1.0203000e-12   +1.8235600e-12   +1.8906100e-12   +1.5703000e-12   +1.3184700e-12
  +1.9800000e+00   +2.0100000e+00   +1.9967000e-12   +5.9795807e-14  +3.4554600e-12   +9.3595000e-13   +2.4008800e-12   +2.4092700e-12   +9.4697000e-13   +1.6748600e-12   +1.7440600e-12   +1.4456500e-12   +1.2129000e-12
  +2.0100000e+00   +2.0400000e+00   +1.8784900e-12   +5.7999139e-14  +3.2515200e-12   +8.8763000e-13   +2.2450000e-12   +2.2748300e-12   +8.8103000e-13   +1.5711300e-12   +1.6493300e-12   +1.3621300e-12   +1.1394300e-12
  +2.0400000e+00   +2.0700000e+00   +1.6707700e-12   +5.4698842e-14  +2.8905800e-12   +8.0198000e-13   +1.9872400e-12   +2.0286200e-12   +7.9121000e-13   +1.3952400e-12   +1.4735300e-12   +1.2137900e-12   +1.0138100e-12
  +2.0700000e+00   +2.1000000e+00   +1.3520200e-12   +4.9204837e-14  +2.3434900e-12   +6.4446000e-13   +1.5972500e-12   +1.6491400e-12   +6.3253000e-13   +1.1244400e-12   +1.1994900e-12   +9.8351000e-13   +8.1811000e-13
  +2.1000000e+00   +2.1300000e+00   +1.1442900e-12   +4.5267838e-14  +1.9846400e-12   +5.4101000e-13   +1.3479800e-12   +1.3982600e-12   +5.2968000e-13   +9.4988000e-13   +1.0175800e-12   +8.3283000e-13   +6.9141000e-13
  +2.1300000e+00   +2.1600000e+00   +9.4372000e-13   +4.1109476e-14  +1.6331000e-12   +4.5771000e-13   +1.1063400e-12   +1.1551600e-12   +4.4051000e-13   +7.8279000e-13   +8.4257000e-13   +6.8844000e-13   +5.7112000e-13
  +2.1600000e+00   +2.1900000e+00   +7.3062000e-13   +3.6171549e-14  +1.2610600e-12   +3.6587100e-13   +8.5569000e-13   +8.9359000e-13   +3.4680800e-13   +6.0652000e-13   +6.5266000e-13   +5.3370000e-13   +4.4310800e-13
  +2.1900000e+00   +2.2200000e+00   +6.6794000e-13   +3.4585573e-14  +1.1585500e-12   +3.2883800e-13   +7.7399000e-13   +8.2384000e-13   +3.1156800e-13   +5.5055000e-13   +6.0299000e-13   +4.8896000e-13   +4.0307700e-13
  +2.2200000e+00   +2.2500000e+00   +5.1573000e-13   +3.0390169e-14  +9.0008000e-13   +2.4944900e-13   +5.9338000e-13   +6.4048000e-13   +2.3430000e-13   +4.2223600e-13   +4.6899000e-13   +3.7765500e-13   +3.0919800e-13
  +2.2500000e+00   +2.2800000e+00   +3.7068600e-13   +2.5764700e-14  +6.4501000e-13   +1.8353400e-13   +4.2550900e-13   +4.6025600e-13   +1.7048700e-13   +3.0365300e-13   +3.3767400e-13   +2.7197800e-13   +2.2281100e-13
  +2.2800000e+00   +2.3100000e+00   +2.4712300e-13   +2.1036713e-14  +4.3182000e-13   +1.1971400e-13   +2.8183800e-13   +3.0849800e-13   +1.1305500e-13   +2.0130400e-13   +2.2664100e-13   +1.8154800e-13   +1.4788600e-13
  +2.3100000e+00   +2.3400000e+00   +1.8982000e-13   +1.8436941e-14  +3.3214700e-13   +9.5151000e-14   +2.1535800e-13   +2.3792600e-13   +8.9687000e-14   +1.5431300e-13   +1.7504600e-13   +1.3967100e-13   +1.1356100e-13
  +2.3400000e+00   +2.3700000e+00   +1.4505100e-13   +1.6116763e-14  +2.5313800e-13   +7.2967000e-14   +1.6392500e-13   +1.8194000e-13   +6.7875000e-14   +1.1786400e-13   +1.3422000e-13   +1.0702500e-13   +8.6983000e-14
  +2.3700000e+00   +2.4000000e+00   +9.4911000e-14   +1.3036835e-14  +1.6670700e-13   +4.4432100e-14   +1.0754300e-13   +1.1921500e-13   +4.0699900e-14   +7.6923000e-14   +8.7592000e-14   +6.9741000e-14   +5.6528000e-14
  +2.4000000e+00   +2.4300000e+00   +8.4165000e-14   +1.2276752e-14  +1.4745900e-13   +4.3099600e-14   +9.4607000e-14   +1.0612100e-13   +3.8843800e-14   +6.8067000e-14   +7.8389000e-14   +6.2167000e-14   +5.0274900e-14
  +2.4300000e+00   +2.4600000e+00   +5.0140500e-14   +9.4757988e-15  +8.8365200e-14   +2.5186400e-14   +5.6078100e-14   +6.3559500e-14   +2.3314200e-14   +4.0304000e-14   +4.6943500e-14   +3.7022100e-14   +2.9752900e-14
  +2.4600000e+00   +2.4900000e+00   +4.2978100e-14   +8.7728337e-15  +7.6355800e-14   +2.0342500e-14   +4.7493300e-14   +5.5050400e-14   +2.0581300e-14   +3.4266100e-14   +4.0710400e-14   +3.1792700e-14   +2.5357200e-14
  +2.4900000e+00   +2.5200000e+00   +2.6861900e-14   +6.9355702e-15  +4.7313500e-14   +1.3800000e-14   +3.0050800e-14   +3.4040500e-14   +1.2216600e-14   +2.1613600e-14   +2.5121100e-14   +1.9820900e-14   +1.5947000e-14
  +2.5200000e+00   +2.5500000e+00   +1.7907500e-14   +5.6628474e-15  +3.2147500e-14   +8.5955000e-15   +1.9417600e-14   +2.3306600e-14   +7.9371000e-15   +1.4069200e-14   +1.7310400e-14   +1.3297000e-14   +1.0444700e-14
  +2.5500000e+00   +2.5800000e+00   +1.6116900e-14   +5.3722531e-15  +2.8951000e-14   +7.2117700e-15   +1.7651900e-14   +2.0836400e-14   +6.5395100e-15   +1.2707800e-14   +1.5405200e-14   +1.1917200e-14   +9.3973000e-15
  +2.5800000e+00   +2.6100000e+00   +7.1630000e-15   +3.5814958e-15  +1.2180800e-14   +3.8759000e-15   +8.1256000e-15   +8.8383000e-15   +3.5483000e-15   +5.9030000e-15   +6.5713000e-15   +5.3286000e-15   +4.3935000e-15
  +2.6100000e+00   +2.6400000e+00   +3.5815000e-15   +2.5325000e-15  +6.4171000e-15   +1.9013000e-15   +3.8623000e-15   +4.6657000e-15   +1.6529000e-15   +2.8096000e-15   +3.4743000e-15   +2.6676000e-15   +2.0930000e-15
  +2.6400000e+00   +2.6700000e+00   +5.3724000e-15   +3.1017566e-15  +9.8483000e-15   +2.6319000e-15   +5.8081000e-15   +7.0795000e-15   +2.4589000e-15   +4.1675000e-15   +5.2506000e-15   +3.9816000e-15   +3.0869300e-15
  +2.6700000e+00   +2.7000000e+00   +1.7908000e-15   +1.7908000e-15  +3.3946000e-15   +8.1255000e-16   +1.7774000e-15   +2.5119000e-15   +7.8304000e-16   +1.3152000e-15   +1.8983000e-15   +1.3533000e-15   +9.9393000e-16
  +2.7000000e+00   +2.7300000e+00   +0.0000000e+00   +0.0000000e+00  +0.0000000e+00   +0.0000000e+00   +0.0000000e+00   +0.0000000e+00   +0.0000000e+00   +0.0000000e+00   +0.0000000e+00   +0.0000000e+00   +0.0000000e+00
  +2.7300000e+00   +2.7600000e+00   +1.7908000e-15   +1.7908000e-15  +3.1823000e-15   +1.3471000e-15   +1.8232000e-15   +2.3929000e-15   +1.0766000e-15   +1.3709000e-15   +1.8338000e-15   +1.3723000e-15   +1.0506000e-15
  +2.7600000e+00   +2.7900000e+00   +0.0000000e+00   +0.0000000e+00  +0.0000000e+00   +0.0000000e+00   +0.0000000e+00   +0.0000000e+00   +0.0000000e+00   +0.0000000e+00   +0.0000000e+00   +0.0000000e+00   +0.0000000e+00
  +2.7900000e+00   +2.8200000e+00   +3.5816000e-15   +2.5325736e-15  +6.0301000e-15   +2.3714500e-15   +3.9475000e-15   +4.4716000e-15   +2.3106200e-15   +2.9354000e-15   +3.3865000e-15   +2.7158000e-15   +2.2283000e-15
  +2.8200000e+00   +2.8500000e+00   +0.0000000e+00   +0.0000000e+00  +0.0000000e+00   +0.0000000e+00   +0.0000000e+00   +0.0000000e+00   +0.0000000e+00   +0.0000000e+00   +0.0000000e+00   +0.0000000e+00   +0.0000000e+00
  +2.8500000e+00   +2.8800000e+00   +0.0000000e+00   +0.0000000e+00  +0.0000000e+00   +0.0000000e+00   +0.0000000e+00   +0.0000000e+00   +0.0000000e+00   +0.0000000e+00   +0.0000000e+00   +0.0000000e+00   +0.0000000e+00
  +2.8800000e+00   +2.9100000e+00   +0.0000000e+00   +0.0000000e+00  +0.0000000e+00   +0.0000000e+00   +0.0000000e+00   +0.0000000e+00   +0.0000000e+00   +0.0000000e+00   +0.0000000e+00   +0.0000000e+00   +0.0000000e+00
  +2.9100000e+00   +2.9400000e+00   +1.7908000e-15   +1.7908000e-15  +3.1635000e-15   +9.6871000e-16   +1.9641000e-15   +2.2945000e-15   +8.7265000e-16   +1.4246000e-15   +1.7045000e-15   +1.3302000e-15   +1.0582000e-15
  +2.9400000e+00   +2.9700000e+00   +0.0000000e+00   +0.0000000e+00  +0.0000000e+00   +0.0000000e+00   +0.0000000e+00   +0.0000000e+00   +0.0000000e+00   +0.0000000e+00   +0.0000000e+00   +0.0000000e+00   +0.0000000e+00
  +2.9700000e+00   +3.0000000e+00   +0.0000000e+00   +0.0000000e+00  +0.0000000e+00   +0.0000000e+00   +0.0000000e+00   +0.0000000e+00   +0.0000000e+00   +0.0000000e+00   +0.0000000e+00   +0.0000000e+00   +0.0000000e+00
<\histogram>


##& xmin & xmax & central value & dy & muR= 0.500 muF= 0.500 & muR= 0.500 muF= 1.000 & muR= 0.500 muF= 2.000 & muR= 1.000 muF= 0.500 & muR= 1.000 muF= 1.000 & muR= 1.000 muF= 2.000 & muR= 2.000 muF= 0.500 & muR= 2.000 muF= 1.000 & muR= 2.000 muF= 2.000

<histogram> 100 "log10d34 [] |X_AXIS@LIN |Y_AXIS@LOG |JETSAMPLE@0"
  +0.0000000e+00   +3.0000000e-02   +0.0000000e+00   +0.0000000e+00  +0.0000000e+00   +0.0000000e+00   +0.0000000e+00   +0.0000000e+00   +0.0000000e+00   +0.0000000e+00   +0.0000000e+00   +0.0000000e+00   +0.0000000e+00
  +3.0000000e-02   +6.0000000e-02   +0.0000000e+00   +0.0000000e+00  +0.0000000e+00   +0.0000000e+00   +0.0000000e+00   +0.0000000e+00   +0.0000000e+00   +0.0000000e+00   +0.0000000e+00   +0.0000000e+00   +0.0000000e+00
  +6.0000000e-02   +9.0000000e-02   +0.0000000e+00   +0.0000000e+00  +0.0000000e+00   +0.0000000e+00   +0.0000000e+00   +0.0000000e+00   +0.0000000e+00   +0.0000000e+00   +0.0000000e+00   +0.0000000e+00   +0.0000000e+00
  +9.0000000e-02   +1.2000000e-01   +0.0000000e+00   +0.0000000e+00  +0.0000000e+00   +0.0000000e+00   +0.0000000e+00   +0.0000000e+00   +0.0000000e+00   +0.0000000e+00   +0.0000000e+00   +0.0000000e+00   +0.0000000e+00
  +1.2000000e-01   +1.5000000e-01   +0.0000000e+00   +0.0000000e+00  +0.0000000e+00   +0.0000000e+00   +0.0000000e+00   +0.0000000e+00   +0.0000000e+00   +0.0000000e+00   +0.0000000e+00   +0.0000000e+00   +0.0000000e+00
  +1.5000000e-01   +1.8000000e-01   +0.0000000e+00   +0.0000000e+00  +0.0000000e+00   +0.0000000e+00   +0.0000000e+00   +0.0000000e+00   +0.0000000e+00   +0.0000000e+00   +0.0000000e+00   +0.0000000e+00   +0.0000000e+00
  +1.8000000e-01   +2.1000000e-01   +0.0000000e+00   +0.0000000e+00  +0.0000000e+00   +0.0000000e+00   +0.0000000e+00   +0.0000000e+00   +0.0000000e+00   +0.0000000e+00   +0.0000000e+00   +0.0000000e+00   +0.0000000e+00
  +2.1000000e-01   +2.4000000e-01   +0.0000000e+00   +0.0000000e+00  +0.0000000e+00   +0.0000000e+00   +0.0000000e+00   +0.0000000e+00   +0.0000000e+00   +0.0000000e+00   +0.0000000e+00   +0.0000000e+00   +0.0000000e+00
  +2.4000000e-01   +2.7000000e-01   +0.0000000e+00   +0.0000000e+00  +0.0000000e+00   +0.0000000e+00   +0.0000000e+00   +0.0000000e+00   +0.0000000e+00   +0.0000000e+00   +0.0000000e+00   +0.0000000e+00   +0.0000000e+00
  +2.7000000e-01   +3.0000000e-01   +0.0000000e+00   +0.0000000e+00  +0.0000000e+00   +0.0000000e+00   +0.0000000e+00   +0.0000000e+00   +0.0000000e+00   +0.0000000e+00   +0.0000000e+00   +0.0000000e+00   +0.0000000e+00
  +3.0000000e-01   +3.3000000e-01   +0.0000000e+00   +0.0000000e+00  +0.0000000e+00   +0.0000000e+00   +0.0000000e+00   +0.0000000e+00   +0.0000000e+00   +0.0000000e+00   +0.0000000e+00   +0.0000000e+00   +0.0000000e+00
  +3.3000000e-01   +3.6000000e-01   +0.0000000e+00   +0.0000000e+00  +0.0000000e+00   +0.0000000e+00   +0.0000000e+00   +0.0000000e+00   +0.0000000e+00   +0.0000000e+00   +0.0000000e+00   +0.0000000e+00   +0.0000000e+00
  +3.6000000e-01   +3.9000000e-01   +0.0000000e+00   +0.0000000e+00  +0.0000000e+00   +0.0000000e+00   +0.0000000e+00   +0.0000000e+00   +0.0000000e+00   +0.0000000e+00   +0.0000000e+00   +0.0000000e+00   +0.0000000e+00
  +3.9000000e-01   +4.2000000e-01   +0.0000000e+00   +0.0000000e+00  +0.0000000e+00   +0.0000000e+00   +0.0000000e+00   +0.0000000e+00   +0.0000000e+00   +0.0000000e+00   +0.0000000e+00   +0.0000000e+00   +0.0000000e+00
  +4.2000000e-01   +4.5000000e-01   +0.0000000e+00   +0.0000000e+00  +0.0000000e+00   +0.0000000e+00   +0.0000000e+00   +0.0000000e+00   +0.0000000e+00   +0.0000000e+00   +0.0000000e+00   +0.0000000e+00   +0.0000000e+00
  +4.5000000e-01   +4.8000000e-01   +0.0000000e+00   +0.0000000e+00  +0.0000000e+00   +0.0000000e+00   +0.0000000e+00   +0.0000000e+00   +0.0000000e+00   +0.0000000e+00   +0.0000000e+00   +0.0000000e+00   +0.0000000e+00
  +4.8000000e-01   +5.1000000e-01   +0.0000000e+00   +0.0000000e+00  +0.0000000e+00   +0.0000000e+00   +0.0000000e+00   +0.0000000e+00   +0.0000000e+00   +0.0000000e+00   +0.0000000e+00   +0.0000000e+00   +0.0000000e+00
  +5.1000000e-01   +5.4000000e-01   +0.0000000e+00   +0.0000000e+00  +0.0000000e+00   +0.0000000e+00   +0.0000000e+00   +0.0000000e+00   +0.0000000e+00   +0.0000000e+00   +0.0000000e+00   +0.0000000e+00   +0.0000000e+00
  +5.4000000e-01   +5.7000000e-01   +0.0000000e+00   +0.0000000e+00  +0.0000000e+00   +0.0000000e+00   +0.0000000e+00   +0.0000000e+00   +0.0000000e+00   +0.0000000e+00   +0.0000000e+00   +0.0000000e+00   +0.0000000e+00
  +5.7000000e-01   +6.0000000e-01   +0.0000000e+00   +0.0000000e+00  +0.0000000e+00   +0.0000000e+00   +0.0000000e+00   +0.0000000e+00   +0.0000000e+00   +0.0000000e+00   +0.0000000e+00   +0.0000000e+00   +0.0000000e+00
  +6.0000000e-01   +6.3000000e-01   +0.0000000e+00   +0.0000000e+00  +0.0000000e+00   +0.0000000e+00   +0.0000000e+00   +0.0000000e+00   +0.0000000e+00   +0.0000000e+00   +0.0000000e+00   +0.0000000e+00   +0.0000000e+00
  +6.3000000e-01   +6.6000000e-01   +0.0000000e+00   +0.0000000e+00  +0.0000000e+00   +0.0000000e+00   +0.0000000e+00   +0.0000000e+00   +0.0000000e+00   +0.0000000e+00   +0.0000000e+00   +0.0000000e+00   +0.0000000e+00
  +6.6000000e-01   +6.9000000e-01   +0.0000000e+00   +0.0000000e+00  +0.0000000e+00   +0.0000000e+00   +0.0000000e+00   +0.0000000e+00   +0.0000000e+00   +0.0000000e+00   +0.0000000e+00   +0.0000000e+00   +0.0000000e+00
  +6.9000000e-01   +7.2000000e-01   +0.0000000e+00   +0.0000000e+00  +0.0000000e+00   +0.0000000e+00   +0.0000000e+00   +0.0000000e+00   +0.0000000e+00   +0.0000000e+00   +0.0000000e+00   +0.0000000e+00   +0.0000000e+00
  +7.2000000e-01   +7.5000000e-01   +0.0000000e+00   +0.0000000e+00  +0.0000000e+00   +0.0000000e+00   +0.0000000e+00   +0.0000000e+00   +0.0000000e+00   +0.0000000e+00   +0.0000000e+00   +0.0000000e+00   +0.0000000e+00
  +7.5000000e-01   +7.8000000e-01   +0.0000000e+00   +0.0000000e+00  +0.0000000e+00   +0.0000000e+00   +0.0000000e+00   +0.0000000e+00   +0.0000000e+00   +0.0000000e+00   +0.0000000e+00   +0.0000000e+00   +0.0000000e+00
  +7.8000000e-01   +8.1000000e-01   +0.0000000e+00   +0.0000000e+00  +0.0000000e+00   +0.0000000e+00   +0.0000000e+00   +0.0000000e+00   +0.0000000e+00   +0.0000000e+00   +0.0000000e+00   +0.0000000e+00   +0.0000000e+00
  +8.1000000e-01   +8.4000000e-01   +0.0000000e+00   +0.0000000e+00  +0.0000000e+00   +0.0000000e+00   +0.0000000e+00   +0.0000000e+00   +0.0000000e+00   +0.0000000e+00   +0.0000000e+00   +0.0000000e+00   +0.0000000e+00
  +8.4000000e-01   +8.7000000e-01   +0.0000000e+00   +0.0000000e+00  +0.0000000e+00   +0.0000000e+00   +0.0000000e+00   +0.0000000e+00   +0.0000000e+00   +0.0000000e+00   +0.0000000e+00   +0.0000000e+00   +0.0000000e+00
  +8.7000000e-01   +9.0000000e-01   +0.0000000e+00   +0.0000000e+00  +0.0000000e+00   +0.0000000e+00   +0.0000000e+00   +0.0000000e+00   +0.0000000e+00   +0.0000000e+00   +0.0000000e+00   +0.0000000e+00   +0.0000000e+00
  +9.0000000e-01   +9.3000000e-01   +0.0000000e+00   +0.0000000e+00  +0.0000000e+00   +0.0000000e+00   +0.0000000e+00   +0.0000000e+00   +0.0000000e+00   +0.0000000e+00   +0.0000000e+00   +0.0000000e+00   +0.0000000e+00
  +9.3000000e-01   +9.6000000e-01   +0.0000000e+00   +0.0000000e+00  +0.0000000e+00   +0.0000000e+00   +0.0000000e+00   +0.0000000e+00   +0.0000000e+00   +0.0000000e+00   +0.0000000e+00   +0.0000000e+00   +0.0000000e+00
  +9.6000000e-01   +9.9000000e-01   +1.7908000e-15   +1.7908000e-15  +3.2602000e-15   +4.9213000e-16   +2.0952000e-15   +2.2464000e-15   +6.8768000e-16   +1.4437000e-15   +1.6152000e-15   +1.2875000e-15   +1.0380000e-15
  +9.9000000e-01   +1.0200000e+00   +1.7908000e-15   +1.7908000e-15  +2.6647000e-15   +1.3144000e-15   +2.3755000e-15   +1.8976000e-15   +1.6961000e-15   +1.6916000e-15   +1.3874000e-15   +1.3093000e-15   +1.2368000e-15
  +1.0200000e+00   +1.0500000e+00   +1.7908000e-15   +1.7908000e-15  +3.1336000e-15   +8.8128000e-16   +2.1807000e-15   +2.1551000e-15   +7.8240000e-16   +1.4998000e-15   +1.5483000e-15   +1.2866000e-15   +1.0775000e-15
  +1.0500000e+00   +1.0800000e+00   +1.7908000e-15   +1.7908000e-15  +3.4009000e-15   +5.6001000e-16   +2.0757000e-15   +2.3079000e-15   +6.7176000e-16   +1.4086000e-15   +1.6495000e-15   +1.2799000e-15   +1.0068000e-15
  +1.0800000e+00   +1.1100000e+00   +7.1631000e-15   +3.5815479e-15  +1.2793100e-14   +2.5038900e-15   +8.6529000e-15   +8.7466000e-15   +4.0815800e-15   +5.9087000e-15   +6.2731000e-15   +5.1358000e-15   +4.2357000e-15
  +1.1100000e+00   +1.1400000e+00   +7.1631000e-15   +3.5815479e-15  +1.2801700e-14   +3.1664300e-15   +8.2845000e-15   +8.9681000e-15   +3.3462500e-15   +5.8073000e-15   +6.5162000e-15   +5.2056000e-15   +4.2214700e-15
  +1.1400000e+00   +1.1700000e+00   +1.4326100e-14   +5.0650390e-15  +2.4848000e-14   +6.3131800e-15   +1.8137800e-14   +1.6765200e-14   +7.3158000e-15   +1.2239600e-14   +1.1960100e-14   +1.0220100e-14   +8.7322000e-15
  +1.1700000e+00   +1.2000000e+00   +1.0744600e-14   +4.3864662e-15  +1.7347700e-14   +6.9894000e-15   +1.3670100e-14   +1.2131200e-14   +7.0184000e-15   +9.5610000e-15   +8.7892000e-15   +7.7845000e-15   +6.9273000e-15
  +1.2000000e+00   +1.2300000e+00   +2.3279900e-14   +6.4566452e-15  +4.0667700e-14   +1.1131760e-14   +2.8594600e-14   +2.7866200e-14   +1.1666300e-14   +1.9611900e-14   +2.0005900e-14   +1.6716300e-14   +1.4085600e-14
  +1.2300000e+00   +1.2600000e+00   +1.4326200e-14   +5.0650283e-15  +2.4488000e-14   +6.9684600e-15   +1.7848100e-14   +1.6849800e-14   +6.8821500e-15   +1.2295300e-14   +1.2115800e-14   +1.0303800e-14   +8.8459000e-15
  +1.2600000e+00   +1.2900000e+00   +3.2233400e-14   +7.5975259e-15  +5.4901200e-14   +1.5413100e-14   +4.0481500e-14   +3.7598600e-14   +1.7834600e-14   +2.7731500e-14   +2.7010600e-14   +2.3158700e-14   +1.9927700e-14
  +1.2900000e+00   +1.3200000e+00   +4.4769000e-14   +8.9537461e-15  +7.6264000e-14   +2.2310800e-14   +5.5704600e-14   +5.2543100e-14   +2.4993100e-14   +3.8406100e-14   +3.7833300e-14   +3.2241900e-14   +2.7667000e-14
  +1.3200000e+00   +1.3500000e+00   +9.4910000e-14   +1.3036881e-14  +1.6191900e-13   +4.7009200e-14   +1.1902800e-13   +1.1095200e-13   +5.2296000e-14   +8.1646000e-14   +7.9705000e-14   +6.8196000e-14   +5.8683000e-14
  +1.3500000e+00   +1.3800000e+00   +1.0028300e-13   +1.3400683e-14  +1.7336100e-13   +4.6546900e-14   +1.2486000e-13   +1.1845500e-13   +5.1948000e-14   +8.5343000e-14   +8.4957000e-14   +7.1928000e-14   +6.1220000e-14
  +1.3800000e+00   +1.4100000e+00   +1.8086600e-13   +1.7996870e-14  +3.0925400e-13   +8.7913000e-14   +2.2520700e-13   +2.1256200e-13   +1.0148500e-13   +1.5491500e-13   +1.5291300e-13   +1.3013300e-13   +1.1148800e-13
  +1.4100000e+00   +1.4400000e+00   +2.1847300e-13   +1.9779820e-14  +3.7364100e-13   +1.0555600e-13   +2.7415000e-13   +2.5560700e-13   +1.1985000e-13   +1.8762300e-13   +1.8349100e-13   +1.5685000e-13   +1.3472600e-13
  +1.4400000e+00   +1.4700000e+00   +3.2054500e-13   +2.3958611e-14  +5.5016000e-13   +1.5410200e-13   +4.0177900e-13   +3.7592400e-13   +1.7268800e-13   +2.7471300e-13   +2.6965800e-13   +2.2996500e-13   +1.9712500e-13
  +1.4700000e+00   +1.5000000e+00   +4.7635000e-13   +2.9206500e-14  +8.1643000e-13   +2.3111100e-13   +5.9841000e-13   +5.5748000e-13   +2.6490500e-13   +4.0902200e-13   +3.9991500e-13   +3.4178900e-13   +2.9357100e-13
  +1.5000000e+00   +1.5300000e+00   +6.2677000e-13   +3.3501683e-14  +1.0758700e-12   +3.0221400e-13   +7.8350000e-13   +7.3622000e-13   +3.4535100e-13   +5.3671000e-13   +5.2857000e-13   +4.5010000e-13   +3.8554700e-13
  +1.5300000e+00   +1.5600000e+00   +7.2347000e-13   +3.5993760e-14  +1.2438400e-12   +3.4358800e-13   +9.0410000e-13   +8.5057000e-13   +3.8606500e-13   +6.1874000e-13   +6.1043000e-13   +5.1931000e-13   +4.4425300e-13
  +1.5600000e+00   +1.5900000e+00   +9.8492000e-13   +4.1996518e-14  +1.6969200e-12   +4.6064000e-13   +1.2310300e-12   +1.1590900e-12   +5.1838000e-13   +8.4125000e-13   +8.3148000e-13   +7.0658000e-13   +6.0362000e-13
  +1.5900000e+00   +1.6200000e+00   +1.3018700e-12   +4.8284207e-14  +2.2554500e-12   +5.9733000e-13   +1.6161200e-12   +1.5423300e-12   +6.7837000e-13   +1.1059500e-12   +1.1068800e-12   +9.3446000e-13   +7.9401000e-13
  +1.6200000e+00   +1.6500000e+00   +1.5167600e-12   +5.2116777e-14  +2.6157600e-12   +7.0239000e-13   +1.8881500e-12   +1.7897100e-12   +7.8514000e-13   +1.2930400e-12   +1.2847900e-12   +1.0890900e-12   +9.2870000e-13
  +1.6500000e+00   +1.6800000e+00   +1.9286400e-12   +5.8768283e-14  +3.3215300e-12   +9.0327000e-13   +2.3956800e-12   +2.2773100e-12   +9.9698000e-13   +1.6433400e-12   +1.6363700e-12   +1.3859900e-12   +1.1811900e-12
  +1.6800000e+00   +1.7100000e+00   +1.9698300e-12   +5.9392096e-14  +3.4005000e-12   +9.1394000e-13   +2.4365900e-12   +2.3343000e-12   +1.0142000e-12   +1.6735400e-12   +1.6780000e-12   +1.4162100e-12   +1.2034200e-12
  +1.7100000e+00   +1.7400000e+00   +2.1686000e-12   +6.2317186e-14  +3.7466400e-12   +1.0051100e-12   +2.6698900e-12   +2.5783300e-12   +1.0906600e-12   +1.8382600e-12   +1.8552500e-12   +1.5606200e-12   +1.3231300e-12
  +1.7400000e+00   +1.7700000e+00   +2.3369200e-12   +6.4690716e-14  +4.0438000e-12   +1.0895700e-12   +2.8603200e-12   +2.7901800e-12   +1.1674600e-12   +1.9745700e-12   +2.0102900e-12   +1.6839700e-12   +1.4231300e-12
  +1.7700000e+00   +1.8000000e+00   +2.4157100e-12   +6.5772023e-14  +4.1672000e-12   +1.1393500e-12   +2.9551500e-12   +2.8813400e-12   +1.1903600e-12   +2.0441500e-12   +2.0778000e-12   +1.7422500e-12   +1.4745400e-12
  +1.8000000e+00   +1.8300000e+00   +2.3118700e-12   +6.4342545e-14  +4.0160000e-12   +1.0521500e-12   +2.8087300e-12   +2.7778400e-12   +1.1073600e-12   +1.9434000e-12   +2.0033400e-12   +1.6674300e-12   +1.4018800e-12
  +1.8300000e+00   +1.8600000e+00   +2.3745400e-12   +6.5208943e-14  +4.1081600e-12   +1.1085100e-12   +2.8805700e-12   +2.8500100e-12   +1.1448400e-12   +1.9991800e-12   +2.0582700e-12   +1.7151000e-12   +1.4442400e-12
  +1.8600000e+00   +1.8900000e+00   +2.1489000e-12   +6.2033384e-14  +3.7230100e-12   +9.9904000e-13   +2.5880800e-12   +2.5914500e-12   +1.0145700e-12   +1.8020400e-12   +1.8744000e-12   +1.5544600e-12   +1.3037500e-12
  +1.8900000e+00   +1.9200000e+00   +1.9017800e-12   +5.8357197e-14  +3.2858400e-12   +8.9827000e-13   +2.2884400e-12   +2.2916100e-12   +9.0527000e-13   +1.5967700e-12   +1.6593400e-12   +1.3772700e-12   +1.1566200e-12
  +1.9200000e+00   +1.9500000e+00   +1.9125300e-12   +5.8521850e-14  +3.3145700e-12   +8.9916000e-13   +2.2830500e-12   +2.3187500e-12   +8.9423000e-13   +1.5977300e-12   +1.6814500e-12   +1.3870500e-12   +1.1589400e-12
  +1.9500000e+00   +1.9800000e+00   +1.6242000e-12   +5.3931003e-14  +2.8202300e-12   +7.6732000e-13   +1.9241600e-12   +1.9796900e-12   +7.5664000e-13   +1.3509700e-12   +1.4380900e-12   +1.1799400e-12   +9.8155000e-13
  +1.9800000e+00   +2.0100000e+00   +1.3627600e-12   +4.9400134e-14  +2.3581900e-12   +6.4914000e-13   +1.6137900e-12   +1.6587900e-12   +6.4004000e-13   +1.1354100e-12   +1.2062500e-12   +9.9108000e-13   +8.2587000e-13
  +2.0100000e+00   +2.0400000e+00   +1.1568300e-12   +4.5514570e-14  +2.0045100e-12   +5.5946000e-13   +1.3606700e-12   +1.4143600e-12   +5.3886000e-13   +9.6037000e-13   +1.0304400e-12   +8.4291000e-13   +6.9989000e-13
  +2.0400000e+00   +2.0700000e+00   +9.0253000e-13   +4.0202481e-14  +1.5595400e-12   +4.4520000e-13   +1.0585700e-12   +1.1036900e-12   +4.2170100e-13   +7.4937000e-13   +8.0543000e-13   +6.5872000e-13   +5.4702000e-13
  +2.0700000e+00   +2.1000000e+00   +6.7870000e-13   +3.4862400e-14  +1.1809800e-12   +3.2161700e-13   +7.8838000e-13   +8.3722000e-13   +3.1558300e-13   +5.5901000e-13   +6.1160000e-13   +4.9583000e-13   +4.0843200e-13
  +2.1000000e+00   +2.1300000e+00   +5.0679000e-13   +3.0125100e-14  +8.7962000e-13   +2.4822900e-13   +5.8637000e-13   +6.2566000e-13   +2.3226900e-13   +4.1706100e-13   +4.5804000e-13   +3.7100600e-13   +3.0532500e-13
  +2.1300000e+00   +2.1600000e+00   +3.9754300e-13   +2.6681521e-14  +6.9211000e-13   +1.9121000e-13   +4.5869000e-13   +4.9235000e-13   +1.8068100e-13   +3.2642600e-13   +3.6045500e-13   +2.9110400e-13   +2.3907100e-13
  +2.1600000e+00   +2.1900000e+00   +2.9010200e-13   +2.2792679e-14  +5.0718000e-13   +1.4041600e-13   +3.3118000e-13   +3.6221000e-13   +1.3255700e-13   +2.3653700e-13   +2.6594800e-13   +2.1302400e-13   +1.7370900e-13
  +2.1900000e+00   +2.2200000e+00   +2.2205400e-13   +1.9941074e-14  +3.8748400e-13   +1.1000500e-13   +2.5304900e-13   +2.7718900e-13   +1.0313400e-13   +1.8103800e-13   +2.0377300e-13   +1.6325000e-13   +1.3310600e-13
  +2.2200000e+00   +2.2500000e+00   +1.4326000e-13   +1.6016973e-14  +2.5404200e-13   +6.7796000e-14   +1.6065500e-13   +1.8194100e-13   +6.3171000e-14   +1.1504600e-13   +1.3383400e-13   +1.0537900e-13   +8.4624000e-14
  +2.2500000e+00   +2.2800000e+00   +1.1819000e-13   +1.4548156e-14  +2.0741900e-13   +5.7993000e-14   +1.3297300e-13   +1.4901200e-13   +5.3414200e-14   +9.5540000e-14   +1.0991700e-13   +8.7186000e-14   +7.0485000e-14
  +2.2800000e+00   +2.3100000e+00   +5.9094800e-14   +1.0287097e-14  +1.0333000e-13   +2.9062400e-14   +6.6821400e-14   +7.4185000e-14   +2.7333500e-14   +4.7968900e-14   +5.4744200e-14   +4.3606200e-14   +3.5395700e-14
  +2.3100000e+00   +2.3400000e+00   +7.8794000e-14   +1.1878474e-14  +1.3990700e-13   +3.9098000e-14   +8.7146000e-14   +1.0089600e-13   +3.6391800e-14   +6.2877500e-14   +7.4623000e-14   +5.8287500e-14   +4.6523200e-14
  +2.3400000e+00   +2.3700000e+00   +3.9397100e-14   +8.3993892e-15  +6.8329500e-14   +2.1498500e-14   +4.4407200e-14   +4.9325300e-14   +2.1812800e-14   +3.2056400e-14   +3.6553300e-14   +2.9194300e-14   +2.3756500e-14
  +2.3700000e+00   +2.4000000e+00   +2.6861400e-14   +6.9355126e-15  +4.6759700e-14   +1.4399900e-14   +3.0072400e-14   +3.3797000e-14   +1.2915700e-14   +2.1729400e-14   +2.5032700e-14   +1.9892600e-14   +1.6090100e-14
  +2.4000000e+00   +2.4300000e+00   +1.4326100e-14   +5.0650412e-15  +2.5781600e-14   +6.9777000e-15   +1.5590700e-14   +1.8639400e-14   +6.3016000e-15   +1.1268800e-14   +1.3812300e-14   +1.0615000e-14   +8.3490000e-15
  +2.4300000e+00   +2.4600000e+00   +5.3724000e-15   +3.1017566e-15  +1.0214800e-14   +1.8582900e-15   +5.6111000e-15   +7.3515000e-15   +1.8996500e-15   +4.0412000e-15   +5.4247000e-15   +3.9655000e-15   +2.9838300e-15
  +2.4600000e+00   +2.4900000e+00   +5.3723000e-15   +3.1016965e-15  +9.3169000e-15   +3.1181400e-15   +5.8746000e-15   +6.8423000e-15   +2.9545900e-15   +4.3255000e-15   +5.1390000e-15   +4.0397000e-15   +3.2562400e-15
  +2.4900000e+00   +2.5200000e+00   +7.1631000e-15   +3.5815479e-15  +1.3091500e-14   +3.0604100e-15   +7.6361000e-15   +9.4925000e-15   +2.9366100e-15   +5.5335000e-15   +7.0506000e-15   +5.3188000e-15   +4.1078300e-15
  +2.5200000e+00   +2.5500000e+00   +0.0000000e+00   +0.0000000e+00  +0.0000000e+00   +0.0000000e+00   +0.0000000e+00   +0.0000000e+00   +0.0000000e+00   +0.0000000e+00   +0.0000000e+00   +0.0000000e+00   +0.0000000e+00
  +2.5500000e+00   +2.5800000e+00   +0.0000000e+00   +0.0000000e+00  +0.0000000e+00   +0.0000000e+00   +0.0000000e+00   +0.0000000e+00   +0.0000000e+00   +0.0000000e+00   +0.0000000e+00   +0.0000000e+00   +0.0000000e+00
  +2.5800000e+00   +2.6100000e+00   +0.0000000e+00   +0.0000000e+00  +0.0000000e+00   +0.0000000e+00   +0.0000000e+00   +0.0000000e+00   +0.0000000e+00   +0.0000000e+00   +0.0000000e+00   +0.0000000e+00   +0.0000000e+00
  +2.6100000e+00   +2.6400000e+00   +0.0000000e+00   +0.0000000e+00  +0.0000000e+00   +0.0000000e+00   +0.0000000e+00   +0.0000000e+00   +0.0000000e+00   +0.0000000e+00   +0.0000000e+00   +0.0000000e+00   +0.0000000e+00
  +2.6400000e+00   +2.6700000e+00   +0.0000000e+00   +0.0000000e+00  +0.0000000e+00   +0.0000000e+00   +0.0000000e+00   +0.0000000e+00   +0.0000000e+00   +0.0000000e+00   +0.0000000e+00   +0.0000000e+00   +0.0000000e+00
  +2.6700000e+00   +2.7000000e+00   +0.0000000e+00   +0.0000000e+00  +0.0000000e+00   +0.0000000e+00   +0.0000000e+00   +0.0000000e+00   +0.0000000e+00   +0.0000000e+00   +0.0000000e+00   +0.0000000e+00   +0.0000000e+00
  +2.7000000e+00   +2.7300000e+00   +0.0000000e+00   +0.0000000e+00  +0.0000000e+00   +0.0000000e+00   +0.0000000e+00   +0.0000000e+00   +0.0000000e+00   +0.0000000e+00   +0.0000000e+00   +0.0000000e+00   +0.0000000e+00
  +2.7300000e+00   +2.7600000e+00   +0.0000000e+00   +0.0000000e+00  +0.0000000e+00   +0.0000000e+00   +0.0000000e+00   +0.0000000e+00   +0.0000000e+00   +0.0000000e+00   +0.0000000e+00   +0.0000000e+00   +0.0000000e+00
  +2.7600000e+00   +2.7900000e+00   +0.0000000e+00   +0.0000000e+00  +0.0000000e+00   +0.0000000e+00   +0.0000000e+00   +0.0000000e+00   +0.0000000e+00   +0.0000000e+00   +0.0000000e+00   +0.0000000e+00   +0.0000000e+00
  +2.7900000e+00   +2.8200000e+00   +0.0000000e+00   +0.0000000e+00  +0.0000000e+00   +0.0000000e+00   +0.0000000e+00   +0.0000000e+00   +0.0000000e+00   +0.0000000e+00   +0.0000000e+00   +0.0000000e+00   +0.0000000e+00
  +2.8200000e+00   +2.8500000e+00   +0.0000000e+00   +0.0000000e+00  +0.0000000e+00   +0.0000000e+00   +0.0000000e+00   +0.0000000e+00   +0.0000000e+00   +0.0000000e+00   +0.0000000e+00   +0.0000000e+00   +0.0000000e+00
  +2.8500000e+00   +2.8800000e+00   +0.0000000e+00   +0.0000000e+00  +0.0000000e+00   +0.0000000e+00   +0.0000000e+00   +0.0000000e+00   +0.0000000e+00   +0.0000000e+00   +0.0000000e+00   +0.0000000e+00   +0.0000000e+00
  +2.8800000e+00   +2.9100000e+00   +0.0000000e+00   +0.0000000e+00  +0.0000000e+00   +0.0000000e+00   +0.0000000e+00   +0.0000000e+00   +0.0000000e+00   +0.0000000e+00   +0.0000000e+00   +0.0000000e+00   +0.0000000e+00
  +2.9100000e+00   +2.9400000e+00   +0.0000000e+00   +0.0000000e+00  +0.0000000e+00   +0.0000000e+00   +0.0000000e+00   +0.0000000e+00   +0.0000000e+00   +0.0000000e+00   +0.0000000e+00   +0.0000000e+00   +0.0000000e+00
  +2.9400000e+00   +2.9700000e+00   +0.0000000e+00   +0.0000000e+00  +0.0000000e+00   +0.0000000e+00   +0.0000000e+00   +0.0000000e+00   +0.0000000e+00   +0.0000000e+00   +0.0000000e+00   +0.0000000e+00   +0.0000000e+00
  +2.9700000e+00   +3.0000000e+00   +0.0000000e+00   +0.0000000e+00  +0.0000000e+00   +0.0000000e+00   +0.0000000e+00   +0.0000000e+00   +0.0000000e+00   +0.0000000e+00   +0.0000000e+00   +0.0000000e+00   +0.0000000e+00
<\histogram>

